10 5 41 33
10 43 13 23
44 26 15 37
19 8 43 14
23 38 27 33
13 8 22 27
44 47 44 24
23 34 12 34
13 23 2 19
21 20 5 26
3 9 23 41
16 12 30 4
31 35 27 12
42 24 27 46
43 1 11 42
8 9 28 31
19 34 39 16
11 33 13 29
19 10 10 41
12 36 23 20
39 21 23 23
23 16 11 2
31 36 20 14
18 40 18 13
27 32 19 43
14 25 28 27
18 9 45 19
43 26 18 30
37 1 5 39
4 30 3 14
23 32 17 36
7 16 36 1
41 21 5 30
7 15 39 5
29 4 10 34
22 30 41 34
44 35 43 47
44 19 14 39
20 2 36 17
5 47 18 22
17 39 39 21
37 11 7 1
43 25 26 20
44 12 26 29
7 29 14 38
9 13 26 38
45 15 44 28
14 10 30 46
36 40 4 18
14 37 47 44
32 46 15 6
19 23 24 38
38 25 12 14
29 37 12 33
36 43 23 28
37 6 27 18
38 16 43 31
10 42 14 16
29 42 36 4
23 37 46 32
29 27 18 44
3 13 6 27
42 43 13 36
36 37 45 35
25 10 23 21
43 32 11 7
40 30 28 23
2 20 44 16
16 36 28 5
19 33 12 15
10 32 24 2
31 19 37 29
36 37 12 13
12 18 6 26
12 14 7 36
26 11 7 5
47 5 5 28
23 43 20 4
43 30 34 11
35 39 8 12
37 33 35 19
10 44 17 41
20 5 38 3
12 25 39 46
38 47 21 27
2 2 39 2
30 39 6 3
26 3 19 37
47 6 1 41
11 47 21 23
34 24 29 20
32 21 11 31
5 33 7 26
28 20 38 46
29 19 9 10
41 38 6 15
18 5 18 24
3 13 14 4
17 10 34 11
31 38 44 2
13 43 36 8
22 5 6 23
38 47 19 36
44 42 9 6
15 44 31 27
13 14 3 34
30 4 5 10
16 35 11 43
7 42 44 31
4 36 27 34
7 29 13 38
37 8 34 24
8 14 35 18
4 28 7 1
38 6 35 31
27 19 36 34
23 16 30 11
9 2 29 47
28 43 15 42
27 34 37 44
40 25 33 30
4 14 22 46
3 39 18 24
1 44 38 17
23 35 37 3
35 28 17 10
20 25 14 43
10 47 35 13
40 43 20 8
33 13 45 35
29 20 40 17
14 8 39 37
26 24 27 31
34 28 29 20
9 26 47 36
27 20 21 28
35 10 20 10
8 22 26 8
37 39 26 10
8 5 31 26
26 26 9 12
38 39 42 1
36 37 42 25
17 37 14 23
8 37 11 35
47 4 28 22
15 40 19 40
36 6 13 36
29 31 29 14
44 43 12 2
39 23 18 26
9 11 26 9
26 34 20 2
47 11 45 41
16 6 45 12
30 41 42 11
3 35 7 42
19 7 47 36
3 46 30 45
37 40 46 24
34 35 17 37
12 20 12 39
31 26 38 8
13 36 12 38
27 31 32 44
26 6 47 40
13 42 30 9
9 19 4 8
23 20 40 34
23 27 26 7
34 41 34 46
31 13 42 12
27 9 45 47
3 25 21 33
14 37 16 20
24 41 39 41
20 29 9 30
12 35 32 43
1 9 25 43
39 45 11 7
26 17 13 47
3 25 1 19
33 39 11 15
17 10 12 5
47 24 40 39
4 17 14 3
1 37 43 1
12 42 8 40
2 9 38 2
7 39 22 6
17 12 4 38
9 11 23 1
43 7 10 9
16 19 15 3
36 33 46 46
6 11 35 37
34 7 19 19
45 23 14 17
30 31 3 4
39 11 4 2
16 25 5 11
35 23 43 46
13 46 11 30
38 9 12 17
43 14 27 7
18 19 23 12
18 37 22 26
31 12 45 42
23 21 26 42
31 22 14 43
10 5 16 41
3 35 1 38
31 23 2 2
28 28 43 46
37 8 13 2
40 25 29 43
21 7 3 41
4 35 3 36
13 32 19 41
14 27 16 19
16 41 47 13
27 14 23 14
8 38 13 44
20 36 17 36
40 25 2 23
34 39 40 40
15 38 28 27
18 8 27 21
9 44 30 4
14 20 2 37
33 11 20 12
43 24 38 42
13 45 35 2
9 13 21 41
44 24 41 40
10 15 43 34
35 25 35 15
16 40 44 26
36 36 14 13
27 29 4 14
32 35 10 23
37 7 7 35
34 7 36 19
33 10 5 9
21 44 31 44
41 47 11 33
22 9 43 37
45 28 26 45
23 7 22 24
35 13 32 44
15 24 35 20
14 4 44 44
46 14 30 19
14 45 23 25
36 36 34 20
36 24 16 6
11 26 11 17
41 30 17 30
37 32 41 1
20 14 38 22
34 44 6 41
11 24 32 27
5 13 16 11
22 22 18 6
7 43 37 32
21 5 35 22
26 18 35 23
41 8 26 4
4 12 25 43
43 7 15 36
34 6 37 19
42 11 35 21
28 3 42 27
23 16 38 8
13 42 25 43
9 44 27 16
5 42 32 9
8 12 27 19
20 31 33 23
36 10 4 40
5 9 28 29
19 28 6 29
35 47 5 4
4 31 16 11
22 39 39 13
4 40 3 6
28 25 7 11
4 23 22 15
47 5 31 6
42 39 47 10
32 11 4 3
11 42 33 43
39 24 28 19
37 23 40 38
45 45 36 26
5 32 7 22
20 30 3 37
18 22 35 9
9 26 33 11
13 41 25 4
6 41 40 11
45 37 40 11
26 32 18 4
22 33 4 5
22 39 9 42
13 9 21 33
22 29 42 30
39 2 45 32
37 13 36 13
44 38 1 4
17 41 10 45
42 4 22 40
16 39 22 24
19 10 28 45
22 5 41 26
37 15 38 17
32 20 28 11
19 16 19 39
20 47 4 41
38 28 43 29
32 36 27 24
31 45 44 10
36 30 35 7
45 32 40 8
38 16 42 41
35 43 30 30
12 33 7 38
41 30 7 38
10 24 21 4
34 23 45 14
34 21 11 33
47 4 24 36
4 39 22 45
37 23 4 25
47 41 3 23
42 9 11 28
25 44 39 16
35 30 43 41
7 2 3 3
39 44 45 30
18 4 7 44
12 41 13 20
34 35 22 3
20 24 20 38
39 11 10 3
44 17 38 22
2 13 21 31
7 32 35 2
37 10 26 25
23 31 34 41
3 41 16 7
7 39 29 35
18 27 27 46
2 40 26 18
43 9 39 2
6 39 13 25
38 7 41 39
7 46 9 3
43 37 6 35
38 25 28 21
23 31 15 4
44 2 21 40
27 13 19 25
34 21 31 28
45 35 30 46
41 25 44 31
46 40 19 24
11 31 37 18
39 28 32 8
43 47 36 34
2 6 34 22
38 41 40 47
45 17 3 41
19 8 18 27
3 12 20 34
38 39 19 11
47 43 22 9
8 7 15 20
5 10 13 42
41 45 41 14
13 9 30 28
43 11 30 45
35 25 17 19
7 38 32 8
19 23 45 26
29 47 41 14
42 43 37 30
3 31 1 19
13 31 17 46
5 9 46 40
34 44 31 5
16 45 37 37
45 11 15 41
18 21 3 31
14 17 38 38
14 27 4 10
15 38 35 46
22 22 26 7
17 19 44 8
41 22 22 14
31 30 23 4
2 8 34 26
5 30 47 36
23 6 4 21
44 5 10 39
4 42 29 38
15 27 5 31
28 45 11 2
4 16 45 47
46 42 2 7
16 6 2 36
15 22 26 6
42 31 27 28
32 42 37 35
11 1 43 41
28 47 34 18
7 21 5 13
14 41 9 2
4 3 40 23
9 35 12 35
10 20 47 45
9 4 2 3
36 8 35 5
2 22 38 33
39 37 27 3
26 29 37 34
3 33 33 22
29 37 9 26
21 12 47 40
46 37 11 25
33 4 41 2
26 38 9 44
17 19 26 29
14 19 14 22
19 45 30 35
28 15 40 28
46 11 33 45
35 42 36 44
31 12 8 19
41 14 12 29
36 29 1 36
10 42 12 46
23 12 2 3
45 18 2 35
12 44 21 44
12 4 23 26
7 40 10 36
7 27 45 26
45 23 14 18
26 16 27 46
15 24 2 8
36 43 17 26
19 33 20 17
20 19 1 7
6 22 34 24
3 1 29 17
21 35 38 45
25 10 12 9
36 16 15 25
45 39 43 37
11 27 36 28
41 33 37 40
11 6 35 15
28 7 43 31
5 3 14 8
33 20 32 11
22 8 10 42
42 25 23 16
21 13 43 6
10 16 30 23
2 44 40 38
36 18 42 6
29 31 26 20
22 16 8 32
22 15 45 18
41 10 15 40
26 23 35 15
38 16 31 6
34 28 23 11
40 18 13 14
18 39 2 21
38 25 22 41
3 14 6 45
2 45 8 16
44 20 20 37
36 34 12 7
31 20 30 40
3 45 14 30
5 40 11 7
14 29 33 19
22 38 4 9
21 19 35 28
6 44 19 21
39 16 25 36
42 3 5 36
6 14 39 2
31 14 43 2
23 36 17 22
43 39 38 36
38 45 28 33
35 8 5 27
45 29 24 37
32 37 19 2
28 27 32 37
43 28 28 29
15 22 41 20
33 9 8 38
28 22 4 18
22 10 15 27
26 6 7 26
47 11 30 24
18 22 29 42
44 3 12 6
34 4 46 18
19 11 13 1
38 8 23 7
22 8 15 40
41 19 43 36
44 31 18 41
32 23 12 14
36 6 35 2
27 19 10 12
1 38 12 20
28 35 37 32
4 26 34 6
12 6 14 16
45 17 9 12
45 1 21 24
22 7 21 31
41 26 22 19
26 21 17 12
22 6 36 42
13 30 46 11
29 10 12 47
45 25 45 46
20 14 1 41
31 45 40 12
8 15 4 7
45 16 11 31
12 7 23 10
42 9 31 20
37 20 25 47
22 5 31 35
33 43 32 21
10 6 12 17
5 29 22 37
10 30 38 43
5 43 27 9
2 24 10 41
8 11 43 31
26 39 10 27
14 37 8 31
19 32 13 43
42 24 15 22
29 38 41 32
24 10 36 24
26 15 40 15
24 44 12 14
11 33 28 34
23 18 38 18
5 9 40 36
31 36 45 41
32 14 20 16
3 24 27 11
29 16 43 28
3 36 38 2
14 47 15 22
24 44 43 5
42 12 33 21
21 8 32 26
16 27 34 2
44 38 30 5
22 20 8 5
19 7 17 12
39 12 23 5
2 29 22 2
6 23 19 12
9 16 3 43
18 35 13 45
9 38 37 25
44 47 33 41
36 25 10 23
29 17 39 18
23 20 1 4
37 16 43 35
26 5 42 2
47 11 29 35
42 47 2 12
19 28 37 12
31 35 17 41
40 13 1 10
36 19 36 41
27 32 13 9
29 26 6 38
32 21 44 32
22 14 7 30
36 30 4 7
28 29 5 38
41 39 26 12
19 13 39 25
6 33 11 41
27 46 43 1
43 33 14 47
16 26 26 35
10 1 45 13
39 24 5 6
6 5 38 23
12 27 31 46
21 28 35 34
46 32 2 11
44 33 29 16
8 40 42 16
28 28 42 22
27 29 25 13
9 35 3 31
32 46 41 22
11 16 42 19
36 44 46 36
20 3 3 22
9 44 41 8
14 7 22 46
13 12 38 21
5 40 37 42
15 28 34 36
7 14 10 28
7 35 44 6
26 25 9 46
30 35 5 33
28 36 10 11
19 8 22 25
14 44 40 32
8 2 12 34
31 20 46 34
25 14 11 16
1 25 46 11
13 4 15 29
31 46 35 29
27 27 31 12
9 42 3 4
23 34 3 8
6 45 14 7
30 2 13 45
14 20 23 33
31 3 26 25
8 45 40 30
42 32 23 20
42 46 1 45
7 26 11 33
34 19 4 9
44 24 45 5
44 16 3 6
41 22 30 43
47 7 12 42
9 13 10 18
38 23 15 27
14 20 35 13
31 46 29 43
28 23 19 11
16 27 36 38
16 39 40 13
10 43 5 47
8 16 21 39
7 8 13 36
38 9 33 39
14 29 20 24
14 29 2 29
2 39 2 44
43 12 40 32
31 20 18 46
46 25 11 15
20 20 13 47
7 35 13 15
30 32 34 27
4 15 37 6
46 36 12 13
40 29 25 41
6 27 27 25
24 3 45 39
5 3 31 40
20 26 7 15
5 3 47 14
20 16 45 11
28 43 35 42
37 6 15 12
12 18 32 21
35 37 14 31
26 38 36 18
28 8 6 28
26 38 45 30
14 10 35 43
8 1 39 44
38 7 43 25
16 8 5 2
31 27 39 10
27 3 26 3
12 33 4 18
12 3 21 31
6 19 30 36
5 3 33 4
12 1 31 5
3 33 3 14
42 20 43 5
30 33 6 39
22 24 36 38
8 17 32 26
24 43 13 43
31 41 14 46
35 2 37 4
37 37 13 21
24 10 42 12
8 32 23 7
34 13 36 22
12 25 30 13
13 15 8 21
9 47 27 40
43 25 31 13
36 45 23 31
26 42 20 33
9 1 42 21
18 2 16 12
29 23 27 34
15 39 34 27
44 30 30 21
2 42 10 35
9 38 9 36
3 34 19 31
28 37 35 33
11 18 22 2
3 7 43 26
13 40 12 45
15 6 14 38
26 42 10 32
42 43 1 5
42 27 44 4
37 19 38 44
11 2 18 9
13 15 14 28
25 42 23 6
29 36 5 41
13 18 30 11
22 36 23 17
26 26 28 23
1 25 47 46
9 45 5 24
14 30 43 2
32 24 42 32
34 38 7 34
34 2 2 37
11 19 26 7
10 27 39 3
29 15 4 39
1 24 11 2
22 11 34 35
13 1 13 24
31 9 15 39
22 18 30 5
15 45 46 36
38 45 21 12
15 4 33 22
35 45 5 43
42 8 24 40
9 11 34 28
6 34 3 25
21 30 2 21
15 6 10 34
16 39 12 40
29 10 29 22
8 19 28 20
25 46 19 11
8 36 12 45
4 18 44 26
20 43 24 4
14 8 5 10
21 37 16 21
16 14 36 20
19 40 45 42
46 8 10 10
7 20 40 28
9 17 13 43
2 7 38 22
37 25 25 11
38 9 37 30
44 29 20 3
19 21 47 5
3 1 28 13
26 15 9 40
42 30 46 16
29 27 25 44
26 16 13 6
7 44 20 41
43 19 4 22
33 37 9 34
8 22 43 18
32 22 4 24
14 33 30 37
45 47 15 43
15 36 20 19
27 22 29 39
46 46 8 37
39 43 34 18
35 27 26 7
32 38 13 39
42 32 10 35
11 23 1 39
22 33 45 18
26 43 44 5
8 47 41 5
1 40 45 13
23 36 21 13
30 37 40 13
41 28 8 39
18 38 40 14
4 38 30 23
13 39 20 43
15 27 9 4
20 10 30 14
10 13 7 8
34 18 47 8
28 46 20 7
17 35 43 45
26 45 44 4
37 3 17 28
39 20 12 9
27 24 14 42
5 37 21 43
5 37 47 42
41 44 37 1
11 13 36 17
3 39 28 44
2 34 32 9
41 46 20 46
13 29 30 38
28 25 26 46
43 6 19 18
39 47 2 22
43 35 1 12
14 38 27 41
12 11 23 8
26 5 40 18
28 38 10 29
17 37 38 46
10 3 34 7
6 37 35 27
28 24 44 2
45 7 44 14
43 45 4 18
10 24 10 37
16 26 14 32
10 15 13 33
45 12 35 26
43 18 39 42
19 41 45 11
19 20 32 35
7 2 1 11
26 34 37 1
7 40 2 38
43 38 45 46
14 16 22 14
8 13 41 28
44 5 6 42
9 45 27 33
36 47 5 32
18 10 12 39
23 15 29 20
42 29 8 31
9 42 18 42
31 44 21 47
17 35 4 19
3 1 14 45
4 33 12 10
2 9 12 43
41 22 37 36
32 44 6 19
35 13 14 19
31 36 15 37
1 42 32 8
11 25 12 41
17 3 7 21
6 21 4 35
44 17 38 10
20 27 21 41
15 22 40 11
47 7 18 5
46 15 34 36
13 36 21 39
30 25 3 25
17 25 32 22
42 33 10 37
21 24 21 23
15 4 26 13
13 16 22 14
23 40 16 8
45 22 7 7
3 15 14 33
10 11 40 34
10 27 10 47
33 6 1 25
28 35 27 36
7 5 25 1
18 9 17 10
37 37 47 44
45 10 6 28
8 20 12 22
6 38 16 8
30 32 10 7
14 2 21 26
25 43 41 5
7 7 27 29
44 41 17 24
41 41 18 44
32 45 46 23
42 21 34 18
34 44 42 47
6 2 45 12
44 28 38 6
21 31 14 26
27 31 5 31
36 1 27 27
35 38 28 33
12 41 47 12
44 25 43 40
27 17 16 11
25 44 41 18
45 32 11 44
33 22 37 20
32 38 8 34
34 10 42 29
38 34 32 30
7 43 41 4
22 24 40 22
36 40 13 44
1 45 36 16
1 9 28 36
21 27 14 44
28 22 37 11
21 38 21 43
42 16 39 41
11 29 26 41
33 26 42 22
27 16 42 6
10 39 22 25
39 29 27 21
6 33 14 9
35 23 9 26
45 30 21 34
31 36 40 3
45 23 29 12
8 47 44 10
26 35 38 43
39 42 3 15
22 29 26 11
35 44 27 7
42 22 17 27
44 42 41 34
7 45 22 5
26 25 4 9
28 15 34 37
7 19 26 12
5 28 37 38
4 24 42 29
23 46 19 29
4 26 16 3
7 35 38 22
16 4 16 37
39 20 45 5
29 11 40 14
17 28 39 8
41 20 3 17
23 38 26 24
12 40 1 44
31 39 24 6
22 20 38 36
10 36 1 7
19 44 47 43
18 42 19 23
43 43 14 9
36 33 3 11
10 8 28 42
39 17 4 16
38 46 45 24
7 42 27 35
3 45 16 39
18 45 5 2
5 41 19 12
15 6 30 16
6 24 44 40
38 23 4 12
10 28 15 39
40 8 19 32
34 37 45 16
34 14 19 13
11 26 12 45
16 43 34 9
36 7 29 38
18 12 2 11
4 17 3 6
45 21 32 21
26 13 23 9
14 33 42 9
27 8 19 42
