5000 1
1
24 16 23 16
1
25 25 26 25
1
24 31 23 31
1
24 26 23 26
1
25 20 26 20
1
11 32 11 33
1
23 26 23 25
1
33 44 34 44
1
15 13 15 12
1
39 36 39 35
1
24 29 23 29
1
25 31 26 31
1
24 15 24 16
1
17 9 18 9
1
24 17 23 17
1
25 32 25 31
1
24 32 25 32
1
25 31 24 31
1
15 5 15 4
1
41 15 41 14
1
15 9 14 9
1
6 8 5 8
1
24 34 23 34
1
23 31 22 31
1
17 5 18 5
1
18 5 18 6
1
14 9 14 8
1
6 6 6 5
1
33 38 33 37
1
33 40 34 40
1
39 38 38 38
1
24 19 23 19
1
11 34 10 34
1
25 27 26 27
1
6 4 5 4
1
11 40 11 41
1
17 7 17 6
1
24 25 24 26
1
38 38 37 38
1
6 5 6 4
1
5 8 5 7
1
24 31 25 31
1
24 18 24 17
1
18 6 19 6
1
15 11 14 11
1
25 34 26 34
1
25 23 26 23
1
24 21 23 21
1
34 44 35 44
1
41 9 41 8
1
18 9 18 8
1
23 19 23 20
1
6 10 6 9
1
24 17 24 18
1
24 22 24 21
1
18 8 18 7
1
26 23 27 23
1
17 6 17 5
1
23 21 23 22
1
25 21 25 20
1
24 16 24 17
1
25 17 26 17
1
25 15 24 15
1
41 7 41 6
1
23 22 23 23
1
24 26 23 26
1
26 25 26 24
1
25 24 25 23
1
22 31 21 31
1
10 34 10 33
1
17 13 18 13
1
23 25 24 25
1
26 17 26 16
1
18 7 18 8
1
24 25 25 25
1
24 28 24 29
1
23 20 22 20
1
25 29 26 29
1
23 26 23 25
1
6 9 7 9
1
19 6 19 7
1
5 7 6 7
1
25 16 24 16
1
35 44 34 44
1
26 29 27 29
1
24 33 23 33
1
21 31 21 30
1
6 7 7 7
1
25 22 24 22
1
23 33 24 33
1
24 16 25 16
1
18 8 18 7
1
24 21 23 21
1
33 37 33 38
1
22 20 21 20
1
5 4 5 3
1
10 33 10 32
1
37 38 37 37
1
25 16 25 17
1
26 27 25 27
1
26 16 27 16
1
25 30 25 29
1
25 26 24 26
1
25 31 25 30
1
15 12 16 12
1
24 26 23 26
1
15 4 16 4
1
7 7 8 7
1
33 42 34 42
1
26 20 27 20
1
39 40 39 41
1
8 7 8 6
1
26 34 26 33
1
16 12 16 11
1
21 20 20 20
1
25 23 26 23
1
34 40 33 40
1
23 25 24 25
1
25 32 24 32
1
25 17 26 17
1
27 20 27 21
1
19 7 20 7
1
23 21 23 22
1
25 33 25 32
1
24 20 24 19
1
39 41 40 41
1
17 11 18 11
1
20 7 19 7
1
26 23 26 22
1
27 21 27 22
1
23 22 22 22
1
25 18 26 18
1
26 33 26 34
1
34 42 35 42
1
24 32 24 31
1
24 30 23 30
1
23 34 24 34
1
11 33 11 32
1
11 32 11 31
1
26 24 27 24
1
39 34 38 34
1
23 26 23 25
1
24 31 24 30
1
39 35 38 35
1
17 5 17 6
1
35 42 34 42
1
38 35 37 35
1
41 6 42 6
1
11 38 10 38
1
11 36 10 36
1
25 30 26 30
1
25 27 25 26
1
38 34 38 35
1
24 27 23 27
1
25 20 25 21
1
26 31 25 31
1
27 23 26 23
1
24 29 24 28
1
10 38 11 38
1
26 22 26 21
1
20 20 19 20
1
11 41 10 41
1
40 41 41 41
1
23 27 23 28
1
22 22 21 22
1
5 3 6 3
1
23 30 22 30
1
42 6 42 7
1
27 24 28 24
1
24 25 24 26
1
11 31 11 32
1
26 23 26 24
1
37 37 38 37
1
26 17 26 16
1
6 3 5 3
1
24 33 23 33
1
6 4 6 3
1
24 28 24 29
1
7 9 6 9
1
25 31 26 31
1
41 41 41 40
1
25 28 24 28
1
11 38 11 39
1
10 32 10 33
1
24 24 23 24
1
10 33 11 33
1
24 34 23 34
1
23 16 23 15
1
25 21 24 21
1
23 28 22 28
1
27 29 26 29
1
18 7 18 8
1
23 33 23 32
1
33 40 33 39
1
25 19 25 20
1
26 24 26 23
1
33 36 32 36
1
39 32 38 32
1
26 16 25 16
1
5 3 5 2
1
38 32 37 32
1
37 32 37 31
1
34 42 35 42
1
26 30 25 30
1
21 22 20 22
1
25 16 24 16
1
38 35 38 34
1
10 36 9 36
1
11 33 12 33
1
41 14 41 15
1
17 6 17 5
1
16 4 16 5
1
27 16 27 17
1
41 11 41 10
1
23 32 23 33
1
33 38 32 38
1
24 23 24 24
1
11 39 11 40
1
5 2 5 1
1
22 28 23 28
1
16 5 16 4
1
16 11 17 11
1
41 10 41 9
1
25 32 24 32
1
28 24 28 25
1
24 18 23 18
1
20 22 20 21
1
26 31 25 31
1
22 30 22 29
1
24 30 23 30
1
41 8 41 7
1
23 23 22 23
1
33 39 33 40
1
18 13 18 12
1
27 22 27 21
1
25 20 25 19
1
32 38 31 38
1
6 3 5 3
1
15 7 14 7
1
31 38 31 39
1
25 31 25 32
1
28 25 29 25
1
18 8 18 7
1
14 11 15 11
1
24 16 25 16
1
23 18 23 19
1
21 30 22 30
1
24 24 24 25
1
11 32 12 32
1
12 32 11 32
1
17 5 18 5
1
31 39 32 39
1
29 25 30 25
1
41 15 41 14
1
6 12 7 12
1
41 14 41 15
1
24 22 24 23
1
23 15 23 16
1
5 3 5 4
1
24 25 24 24
1
19 7 19 6
1
23 16 23 15
1
41 9 41 8
1
37 35 37 36
1
24 24 25 24
1
26 18 26 19
1
41 7 41 6
1
10 41 10 42
1
24 29 24 30
1
23 17 22 17
1
27 17 27 16
1
24 21 23 21
1
23 33 22 33
1
22 23 21 23
1
18 12 17 12
1
24 17 23 17
1
27 16 28 16
1
26 19 27 19
1
19 6 19 7
1
12 33 11 33
1
32 36 33 36
1
25 30 26 30
1
19 7 19 6
1
25 25 26 25
1
15 11 15 12
1
32 39 33 39
1
37 31 38 31
1
15 12 15 11
1
42 7 41 7
1
23 24 24 24
1
30 25 31 25
1
41 15 40 15
1
24 30 24 31
1
18 7 19 7
1
26 30 27 30
1
22 33 21 33
1
23 28 23 27
1
23 34 23 33
1
25 24 25 23
1
41 6 42 6
1
22 30 22 31
1
11 40 12 40
1
38 34 38 35
1
6 9 6 10
1
28 16 28 15
1
26 29 26 30
1
23 19 23 20
1
23 21 22 21
1
24 26 24 27
1
26 30 26 29
1
23 30 23 31
1
25 19 25 18
1
34 44 35 44
1
27 30 28 30
1
18 5 17 5
1
24 15 25 15
1
19 7 20 7
1
24 23 24 22
1
22 29 22 30
1
22 30 23 30
1
23 17 23 16
1
26 29 26 28
1
21 33 21 34
1
17 11 17 10
1
12 40 12 39
1
25 16 24 16
1
26 21 26 20
1
23 29 23 28
1
25 29 26 29
1
7 12 7 13
1
25 32 26 32
1
33 40 34 40
1
26 25 25 25
1
22 17 22 18
1
23 20 23 21
1
23 16 22 16
1
7 13 7 12
1
24 22 23 22
1
38 37 38 38
1
33 36 33 37
1
24 27 24 26
1
19 20 20 20
1
14 7 15 7
1
42 6 42 7
1
24 31 25 31
1
23 25 23 26
1
33 39 33 40
1
38 31 38 30
1
14 8 13 8
1
23 26 23 25
1
9 36 9 37
1
24 28 24 29
1
17 12 16 12
1
31 25 30 25
1
41 40 41 39
1
17 10 17 9
1
19 6 20 6
1
38 35 39 35
1
23 33 22 33
1
11 33 12 33
1
33 40 32 40
1
12 33 13 33
1
25 15 25 16
1
26 34 27 34
1
7 12 7 13
1
21 34 20 34
1
20 7 20 8
1
20 21 20 22
1
32 40 32 41
1
39 35 39 36
1
23 22 22 22
1
35 42 34 42
1
16 12 17 12
1
24 16 23 16
1
25 16 25 17
1
38 30 38 31
1
5 4 4 4
1
25 31 26 31
1
20 8 20 7
1
17 12 16 12
1
22 33 22 32
1
27 34 26 34
1
25 17 25 16
1
15 7 14 7
1
34 42 34 41
1
23 16 24 16
1
23 21 23 20
1
38 38 38 37
1
23 30 22 30
1
17 9 17 8
1
25 18 25 17
1
16 4 16 5
1
12 39 12 40
1
24 29 24 28
1
26 31 25 31
1
14 7 13 7
1
32 41 32 42
1
23 15 22 15
1
24 32 24 31
1
25 26 26 26
1
35 44 35 43
1
23 25 23 26
1
4 4 4 3
1
38 37 37 37
1
17 8 17 9
1
22 22 21 22
1
41 13 40 13
1
40 15 40 16
1
24 31 24 30
1
6 10 6 9
1
26 29 27 29
1
38 31 38 32
1
17 9 17 10
1
41 7 41 6
1
13 7 13 6
1
13 6 14 6
1
24 30 23 30
1
18 11 18 10
1
18 10 19 10
1
26 34 27 34
1
23 26 23 25
1
25 16 26 16
1
37 37 38 37
1
23 31 24 31
1
37 36 38 36
1
38 36 38 35
1
20 7 21 7
1
20 34 21 34
1
17 5 18 5
1
25 23 24 23
1
22 32 23 32
1
40 16 40 17
1
10 42 11 42
1
38 35 38 36
1
11 42 11 43
1
24 19 24 20
1
26 20 26 19
1
22 15 21 15
1
16 5 17 5
1
4 3 3 3
1
38 37 37 37
1
8 6 7 6
1
27 34 27 35
1
41 6 41 5
1
26 16 27 16
1
16 12 16 13
1
28 15 28 16
1
7 6 8 6
1
38 32 38 31
1
27 16 27 17
1
8 6 7 6
1
32 42 32 43
1
39 36 40 36
1
24 16 25 16
1
12 40 13 40
1
5 1 4 1
1
20 22 19 22
1
40 17 40 16
1
19 10 20 10
1
25 31 25 30
1
20 6 19 6
1
26 19 26 18
1
11 43 10 43
1
32 43 32 42
1
20 20 20 21
1
20 10 19 10
1
21 22 20 22
1
23 32 22 32
1
40 13 41 13
1
27 19 28 19
1
17 5 17 6
1
23 25 22 25
1
30 25 30 26
1
27 29 26 29
1
32 42 31 42
1
4 1 4 2
1
23 30 23 31
1
20 22 21 22
1
13 40 14 40
1
25 30 26 30
1
30 26 30 25
1
21 22 20 22
1
24 24 25 24
1
37 37 37 36
1
13 33 13 34
1
14 6 14 5
1
27 35 27 34
1
38 31 38 32
1
21 15 21 14
1
7 13 7 12
1
21 23 21 24
1
24 26 24 27
1
22 31 21 31
1
41 5 41 4
1
25 16 25 15
1
17 6 16 6
1
24 31 24 32
1
22 16 22 17
1
16 13 16 14
1
24 20 25 20
1
26 32 27 32
1
15 11 14 11
1
24 27 24 26
1
22 32 23 32
1
22 17 23 17
1
7 12 6 12
1
20 21 19 21
1
41 8 41 9
1
6 12 6 13
1
23 20 24 20
1
25 20 26 20
1
16 6 16 5
1
26 29 27 29
1
16 14 16 13
1
37 36 36 36
1
22 30 23 30
1
21 7 21 6
1
41 4 42 4
1
30 25 30 26
1
26 26 27 26
1
27 21 28 21
1
25 15 25 16
1
14 5 14 4
1
23 31 22 31
1
25 25 24 25
1
40 16 39 16
1
16 13 15 13
1
23 17 23 16
1
10 43 9 43
1
36 36 35 36
1
13 34 12 34
1
24 20 25 20
1
27 32 28 32
1
24 32 25 32
1
25 24 25 25
1
7 6 6 6
1
26 20 26 21
1
26 30 26 29
1
6 13 7 13
1
38 36 37 36
1
27 34 26 34
1
33 37 34 37
1
27 26 27 27
1
24 23 25 23
1
7 13 8 13
1
28 30 27 30
1
22 31 22 32
1
23 30 22 30
1
26 28 26 27
1
25 20 26 20
1
30 26 31 26
1
34 41 35 41
1
21 34 22 34
1
23 28 23 29
1
26 34 26 35
1
22 25 22 26
1
19 22 18 22
1
19 10 19 11
1
24 26 23 26
1
21 24 21 25
1
25 32 24 32
1
26 20 26 19
1
28 21 28 20
1
18 5 18 4
1
14 4 14 3
1
31 26 32 26
1
6 9 6 8
1
9 37 9 36
1
24 25 23 25
1
41 39 41 38
1
25 17 26 17
1
34 37 33 37
1
35 36 35 35
1
23 32 23 31
1
16 5 16 4
1
17 10 17 11
1
28 32 28 33
1
41 38 41 37
1
33 37 32 37
1
34 40 35 40
1
39 16 38 16
1
21 31 21 30
1
35 40 35 39
1
17 11 17 10
1
35 43 36 43
1
22 34 22 33
1
11 32 11 33
1
26 19 25 19
1
14 11 14 12
1
42 7 41 7
1
26 27 26 26
1
6 8 7 8
1
25 16 24 16
1
27 30 27 31
1
41 9 40 9
1
25 23 25 24
1
35 35 35 36
1
24 16 24 15
1
31 42 31 43
1
21 30 21 29
1
23 26 24 26
1
18 4 19 4
1
13 8 14 8
1
38 32 37 32
1
23 16 22 16
1
15 13 14 13
1
27 31 27 30
1
24 28 23 28
1
32 26 31 26
1
32 37 33 37
1
19 11 19 10
1
18 22 19 22
1
3 3 4 3
1
14 13 14 14
1
23 29 24 29
1
26 35 26 34
1
19 6 18 6
1
14 14 14 13
1
14 12 15 12
1
28 20 27 20
1
26 34 27 34
1
8 13 7 13
1
22 26 22 25
1
7 8 7 7
1
27 27 27 28
1
23 27 23 26
1
21 25 21 26
1
19 10 20 10
1
41 7 42 7
1
27 30 26 30
1
22 21 23 21
1
40 36 40 37
1
12 34 11 34
1
26 29 25 29
1
6 6 6 5
1
23 31 22 31
1
26 17 26 16
1
23 28 22 28
1
9 36 9 37
1
26 23 27 23
1
22 31 23 31
1
11 33 11 32
1
7 13 7 12
1
42 7 43 7
1
35 39 35 38
1
23 26 23 27
1
33 37 33 36
1
26 18 25 18
1
28 33 28 34
1
22 16 21 16
1
21 6 20 6
1
28 16 28 17
1
42 4 41 4
1
41 37 41 36
1
27 20 27 21
1
25 18 26 18
1
28 17 28 16
1
19 22 19 23
1
21 14 21 13
1
7 7 8 7
1
33 36 34 36
1
28 19 29 19
1
20 22 20 23
1
24 15 25 15
1
19 4 19 5
1
22 32 21 32
1
15 12 15 11
1
22 33 22 32
1
26 21 26 22
1
29 19 28 19
1
24 29 24 28
1
25 25 25 26
1
20 6 20 5
1
28 34 28 35
1
27 34 28 34
1
24 26 24 27
1
9 37 9 36
1
27 21 26 21
1
21 29 21 30
1
24 32 25 32
1
14 8 15 8
1
26 22 27 22
1
20 10 19 10
1
21 26 21 25
1
43 7 43 6
1
24 28 25 28
1
4 2 3 2
1
19 10 18 10
1
23 21 24 21
1
35 36 36 36
1
36 43 35 43
1
27 22 26 22
1
24 27 24 26
1
22 30 22 29
1
22 18 22 19
1
27 17 28 17
1
21 16 21 17
1
14 13 14 14
1
35 43 35 42
1
22 19 21 19
1
21 30 20 30
1
28 34 28 33
1
20 23 20 24
1
40 9 40 10
1
20 5 20 6
1
18 6 18 7
1
41 13 40 13
1
26 22 27 22
1
40 10 40 11
1
27 22 26 22
1
25 26 25 27
1
20 30 21 30
1
27 29 27 30
1
23 27 23 26
1
43 6 44 6
1
23 31 22 31
1
9 36 10 36
1
24 21 24 22
1
11 32 11 31
1
38 16 37 16
1
11 31 11 32
1
14 14 14 15
1
14 3 13 3
1
16 4 16 3
1
23 26 22 26
1
14 40 14 39
1
27 28 26 28
1
6 5 7 5
1
40 13 40 14
1
21 13 22 13
1
26 22 25 22
1
21 25 20 25
1
25 27 26 27
1
26 21 27 21
1
21 17 20 17
1
44 6 43 6
1
11 34 11 35
1
22 13 22 12
1
18 7 19 7
1
25 29 25 30
1
40 37 41 37
1
26 27 27 27
1
35 41 34 41
1
22 29 22 30
1
16 3 17 3
1
36 36 36 35
1
37 16 37 15
1
20 24 19 24
1
35 38 35 37
1
15 11 15 12
1
28 33 27 33
1
15 12 14 12
1
4 3 4 2
1
22 30 23 30
1
4 2 5 2
1
26 18 26 17
1
22 12 22 13
1
11 32 11 31
1
40 14 40 15
1
19 23 18 23
1
26 17 25 17
1
24 22 24 23
1
21 30 21 29
1
37 36 37 37
1
22 28 23 28
1
37 32 38 32
1
43 6 43 5
1
27 27 27 28
1
27 28 27 29
1
35 37 36 37
1
19 21 18 21
1
20 17 20 18
1
37 37 37 38
1
19 7 20 7
1
37 15 36 15
1
27 33 28 33
1
28 16 27 16
1
36 35 35 35
1
20 7 21 7
1
20 18 20 19
1
22 31 21 31
1
36 37 36 38
1
8 7 7 7
1
25 24 25 25
1
10 36 10 35
1
5 2 5 3
1
37 38 37 37
1
24 23 25 23
1
20 6 20 7
1
11 31 11 30
1
35 42 34 42
1
38 32 38 33
1
41 37 41 38
1
26 26 26 27
1
20 7 19 7
1
5 3 5 4
1
36 38 37 38
1
31 26 31 27
1
17 3 18 3
1
27 21 27 22
1
15 8 15 9
1
21 19 21 20
1
26 30 26 29
1
34 42 35 42
1
21 32 21 33
1
28 17 28 16
1
7 5 6 5
1
9 43 9 42
1
26 29 25 29
1
22 25 22 24
1
20 25 20 24
1
6 5 6 4
1
25 19 24 19
1
14 12 13 12
1
20 24 20 25
1
38 33 39 33
1
39 33 39 34
1
21 29 22 29
1
26 28 27 28
1
23 30 24 30
1
34 36 34 35
1
21 20 21 19
1
34 35 34 36
1
31 43 32 43
1
25 23 26 23
1
18 3 17 3
1
13 3 14 3
1
34 41 34 42
1
28 35 29 35
1
26 23 25 23
1
27 23 27 24
1
31 27 31 26
1
24 19 23 19
1
17 10 17 11
1
7 12 6 12
1
18 23 19 23
1
9 42 9 43
1
29 35 29 36
1
23 28 23 27
1
11 30 11 29
1
43 5 42 5
1
20 25 21 25
1
22 29 22 28
1
37 37 38 37
1
26 27 26 28
1
28 16 28 17
1
27 24 27 23
1
21 25 21 26
1
10 35 9 35
1
27 23 28 23
1
40 11 40 10
1
25 29 26 29
1
3 2 4 2
1
26 29 26 30
1
25 30 25 29
1
9 43 9 42
1
21 7 21 8
1
28 23 28 22
1
36 15 36 16
1
28 17 28 18
1
4 2 3 2
1
42 5 41 5
1
19 24 20 24
1
20 19 19 19
1
24 26 23 26
1
20 24 21 24
1
28 18 28 17
1
25 15 25 14
1
22 32 22 31
1
22 13 22 12
1
25 22 26 22
1
27 16 27 15
1
28 17 29 17
1
7 7 7 8
1
11 35 11 36
1
17 3 17 4
1
28 19 27 19
1
25 17 25 16
1
5 4 5 5
1
28 22 29 22
1
41 4 40 4
1
25 16 25 17
1
27 28 28 28
1
17 11 16 11
1
11 29 10 29
1
41 38 40 38
1
21 26 20 26
1
29 36 28 36
1
27 30 28 30
1
40 38 40 39
1
21 33 21 34
1
25 29 25 30
1
21 34 21 35
1
19 19 19 20
1
14 39 14 40
1
26 16 25 16
1
34 42 34 41
1
40 39 40 40
1
25 17 26 17
1
25 23 25 22
1
35 42 34 42
1
28 30 28 31
1
40 40 39 40
1
29 22 30 22
1
31 26 31 25
1
22 26 22 25
1
38 37 37 37
1
15 9 15 8
1
22 31 23 31
1
3 2 4 2
1
28 31 27 31
1
32 43 32 42
1
39 40 39 39
1
17 4 17 5
1
19 20 19 21
1
21 35 22 35
1
5 5 6 5
1
6 12 6 11
1
14 40 14 39
1
21 31 21 30
1
25 28 24 28
1
21 19 20 19
1
6 4 6 3
1
9 35 8 35
1
28 28 27 28
1
36 16 36 17
1
20 19 20 18
1
41 36 42 36
1
18 10 19 10
1
10 29 10 30
1
4 2 5 2
1
27 31 28 31
1
14 3 15 3
1
37 37 37 36
1
36 17 35 17
1
8 35 8 36
1
32 42 31 42
1
22 25 21 25
1
23 25 22 25
1
37 38 37 39
1
25 30 25 31
1
15 3 15 4
1
19 7 19 6
1
16 11 16 12
1
25 14 26 14
1
13 12 14 12
1
7 8 7 7
1
39 39 38 39
1
31 25 31 24
1
21 30 20 30
1
28 33 29 33
1
14 39 14 40
1
29 17 28 17
1
26 22 26 21
1
20 30 19 30
1
37 39 37 40
1
41 5 41 4
1
11 36 10 36
1
22 35 22 34
1
10 36 10 35
1
22 12 22 13
1
19 10 19 11
1
39 34 39 35
1
25 31 25 30
1
27 28 28 28
1
26 28 25 28
1
27 29 26 29
1
17 5 17 4
1
25 28 26 28
1
15 8 14 8
1
20 18 19 18
1
21 24 20 24
1
6 3 6 4
1
14 15 14 16
1
15 4 15 5
1
7 7 8 7
1
27 22 26 22
1
39 35 40 35
1
34 36 34 35
1
18 21 17 21
1
40 15 40 16
1
28 36 28 35
1
34 35 33 35
1
9 42 10 42
1
28 31 27 31
1
22 24 23 24
1
30 22 29 22
1
21 8 20 8
1
40 35 40 36
1
27 31 28 31
1
41 4 41 5
1
21 25 20 25
1
19 5 18 5
1
17 21 18 21
1
14 40 15 40
1
37 36 37 35
1
23 19 23 20
1
25 25 25 24
1
22 25 21 25
1
10 42 9 42
1
33 35 33 36
1
25 32 25 31
1
10 35 9 35
1
26 30 27 30
1
25 24 25 25
1
18 5 18 6
1
20 24 19 24
1
28 28 29 28
1
29 22 29 23
1
42 36 43 36
1
26 14 26 13
1
21 25 21 26
1
15 5 14 5
1
6 5 7 5
1
19 21 20 21
1
26 13 27 13
1
31 24 30 24
1
24 30 24 31
1
35 17 36 17
1
40 16 40 15
1
7 5 7 6
1
7 6 7 5
1
14 12 14 13
1
40 4 41 4
1
26 28 27 28
1
22 28 21 28
1
14 8 14 9
1
16 12 16 13
1
30 24 30 23
1
29 28 29 27
1
31 42 30 42
1
27 28 27 29
1
18 21 17 21
1
26 22 27 22
1
40 36 41 36
1
28 17 27 17
1
36 17 36 18
1
27 15 27 16
1
17 21 17 20
1
6 11 6 10
1
25 16 25 15
1
37 35 37 36
1
17 4 17 3
1
15 40 14 40
1
25 30 26 30
1
8 7 8 8
1
19 24 20 24
1
29 23 29 22
1
6 10 6 9
1
30 23 29 23
1
41 36 41 35
1
41 5 40 5
1
34 42 35 42
1
27 29 28 29
1
26 17 26 18
1
41 35 42 35
1
20 24 21 24
1
27 16 28 16
1
33 36 34 36
1
20 25 21 25
1
18 6 18 5
1
14 5 14 4
1
5 2 6 2
1
22 34 22 35
1
22 13 21 13
1
19 11 19 12
1
19 23 19 24
1
19 30 18 30
1
35 42 34 42
1
38 39 38 40
1
40 10 40 11
1
6 9 6 10
1
27 19 28 19
1
22 35 21 35
1
18 5 19 5
1
42 35 42 34
1
25 22 25 23
1
26 30 25 30
1
21 24 20 24
1
40 11 40 10
1
26 29 27 29
1
28 29 28 28
1
14 13 13 13
1
20 24 20 23
1
21 26 21 27
1
20 26 20 25
1
37 36 37 37
1
42 34 41 34
1
13 13 13 12
1
24 28 24 27
1
25 31 25 32
1
18 30 17 30
1
34 36 34 37
1
19 18 18 18
1
26 21 26 20
1
23 27 23 28
1
27 29 28 29
1
27 13 26 13
1
26 13 27 13
1
23 31 23 32
1
25 15 26 15
1
16 13 17 13
1
34 37 34 36
1
14 4 14 3
1
8 36 9 36
1
34 41 35 41
1
14 16 14 15
1
25 30 24 30
1
14 15 14 14
1
40 15 40 16
1
23 32 23 33
1
25 32 25 33
1
9 35 10 35
1
21 27 20 27
1
14 9 15 9
1
29 27 30 27
1
19 12 19 13
1
21 25 22 25
1
25 33 25 34
1
28 35 28 34
1
21 35 21 34
1
14 40 13 40
1
37 37 37 38
1
17 30 16 30
1
20 21 20 20
1
38 40 38 39
1
40 10 40 9
1
17 13 17 14
1
37 40 37 39
1
21 13 22 13
1
14 3 15 3
1
17 14 18 14
1
27 22 28 22
1
25 23 25 24
1
19 5 19 4
1
37 39 37 40
1
23 20 23 19
1
41 34 42 34
1
26 15 25 15
1
23 19 23 18
1
13 12 13 13
1
23 24 23 23
1
40 16 40 15
1
27 13 27 12
1
35 41 36 41
1
43 36 43 37
1
34 36 34 37
1
40 15 40 16
1
20 27 20 26
1
13 40 14 40
1
15 9 14 9
1
27 30 26 30
1
34 37 33 37
1
29 33 28 33
1
40 9 40 10
1
33 37 33 36
1
21 28 22 28
1
28 22 27 22
1
28 28 28 27
1
41 4 42 4
1
20 26 19 26
1
30 42 30 43
1
27 12 28 12
1
36 18 36 19
1
25 34 25 35
1
19 4 18 4
1
40 16 40 17
1
26 20 26 21
1
28 33 29 33
1
28 19 28 20
1
28 31 27 31
1
23 33 22 33
1
23 23 23 22
1
20 23 19 23
1
40 5 40 6
1
28 34 29 34
1
17 20 16 20
1
36 19 36 18
1
18 4 18 3
1
18 14 17 14
1
22 13 22 12
1
43 37 44 37
1
10 35 11 35
1
18 18 18 19
1
20 20 20 21
1
14 40 13 40
1
9 42 9 41
1
8 8 9 8
1
37 38 38 38
1
19 13 19 12
1
25 25 24 25
1
44 37 45 37
1
20 21 21 21
1
37 40 38 40
1
25 15 26 15
1
9 36 10 36
1
26 30 26 31
1
23 18 23 17
1
40 17 41 17
1
9 41 10 41
1
29 23 29 24
1
38 38 37 38
1
30 43 31 43
1
18 19 19 19
1
13 40 13 39
1
22 12 22 13
1
24 27 25 27
1
21 34 21 33
1
28 29 29 29
1
17 3 17 4
1
42 4 43 4
1
25 24 24 24
1
28 27 28 28
1
20 8 20 7
1
35 35 36 35
1
28 12 28 11
1
29 29 29 30
1
27 22 27 21
1
24 25 24 26
1
9 8 9 9
1
34 42 34 41
1
23 28 23 27
1
43 4 44 4
1
29 24 30 24
1
40 10 40 9
1
6 4 7 4
1
36 35 36 36
1
29 34 28 34
1
11 35 11 34
1
16 30 17 30
1
45 37 46 37
1
34 41 35 41
1
28 20 28 21
1
29 30 30 30
1
26 15 26 16
1
26 21 26 22
1
22 25 23 25
1
27 21 26 21
1
24 26 24 25
1
38 40 38 41
1
6 2 5 2
1
24 31 25 31
1
7 5 7 6
1
25 35 24 35
1
22 13 22 14
1
21 33 21 34
1
13 39 13 40
1
17 4 18 4
1
25 27 25 26
1
14 9 15 9
1
26 22 25 22
1
36 41 36 40
1
19 19 20 19
1
25 26 26 26
1
15 9 14 9
1
38 39 37 39
1
13 40 13 39
1
26 21 26 22
1
28 16 29 16
1
30 27 31 27
1
24 30 23 30
1
14 9 14 8
1
26 16 25 16
1
19 24 18 24
1
28 28 28 27
1
26 22 27 22
1
19 26 18 26
1
24 24 25 24
1
20 25 20 24
1
27 22 26 22
1
26 22 26 23
1
26 18 26 19
1
28 27 27 27
1
38 41 37 41
1
21 21 22 21
1
25 31 24 31
1
14 8 13 8
1
13 8 13 7
1
22 28 21 28
1
18 3 18 2
1
22 14 23 14
1
37 39 36 39
1
18 24 19 24
1
24 35 24 36
1
27 17 27 16
1
24 25 24 24
1
44 4 44 5
1
26 19 26 20
1
36 40 36 41
1
40 6 40 7
1
30 30 30 31
1
13 39 14 39
1
26 20 26 21
1
33 36 33 37
1
22 33 23 33
1
19 24 18 24
1
21 28 21 29
1
25 16 25 17
1
23 30 23 31
1
10 30 10 31
1
20 24 19 24
1
31 43 31 44
1
22 21 22 22
1
37 41 37 40
1
44 5 45 5
1
13 13 13 12
1
13 12 13 11
1
26 23 27 23
1
23 31 23 32
1
17 14 17 13
1
18 2 19 2
1
28 21 28 22
1
19 12 19 11
1
40 7 40 6
1
23 27 23 28
1
19 11 20 11
1
23 25 22 25
1
17 13 17 14
1
29 22 29 21
1
36 18 36 19
1
28 34 27 34
1
26 31 26 32
1
23 17 22 17
1
31 27 31 26
1
28 11 27 11
1
10 31 9 31
1
25 17 25 18
1
20 19 21 19
1
19 2 20 2
1
27 34 26 34
1
23 26 24 26
1
15 3 14 3
1
23 32 24 32
1
29 16 28 16
1
30 24 30 23
1
25 24 25 25
1
7 6 7 7
1
20 2 21 2
1
23 22 23 21
1
24 36 23 36
1
21 34 20 34
1
30 23 29 23
1
41 17 41 18
1
26 21 26 22
1
37 40 37 41
1
25 25 24 25
1
11 34 10 34
1
26 22 26 23
1
27 27 27 26
1
18 24 18 23
1
10 36 10 35
1
26 32 27 32
1
27 26 27 27
1
23 28 23 29
1
13 11 12 11
1
14 14 14 13
1
7 4 8 4
1
16 20 15 20
1
17 30 18 30
1
28 16 29 16
1
26 23 26 24
1
24 32 24 33
1
10 34 10 33
1
27 27 28 27
1
20 11 20 10
1
24 25 25 25
1
27 23 26 23
1
23 21 22 21
1
17 14 17 13
1
10 33 10 34
1
24 33 24 34
1
31 44 30 44
1
33 37 32 37
1
13 7 13 8
1
24 34 23 34
1
26 24 25 24
1
6 10 6 11
1
29 33 30 33
1
37 38 37 39
1
20 34 20 33
1
25 25 26 25
1
23 34 23 35
1
17 13 18 13
1
27 16 27 17
1
26 25 26 24
1
13 8 13 7
1
14 3 14 2
1
40 6 40 7
1
26 26 26 25
1
21 2 21 3
1
36 19 35 19
1
26 24 27 24
1
25 22 24 22
1
14 39 14 38
1
46 37 46 36
1
23 14 23 13
1
22 21 21 21
1
18 26 19 26
1
26 34 27 34
1
9 31 9 32
1
10 34 9 34
1
35 19 35 20
1
10 41 10 40
1
23 13 22 13
1
35 20 34 20
1
12 11 13 11
1
35 41 35 42
1
24 24 24 23
1
18 23 17 23
1
37 39 37 40
1
25 24 25 25
1
36 41 36 40
1
19 6 19 7
1
24 22 23 22
1
26 25 26 24
1
25 18 26 18
1
22 13 23 13
1
25 25 25 24
1
46 36 45 36
1
36 40 35 40
1
9 34 10 34
1
27 24 27 23
1
30 31 29 31
1
22 17 22 16
1
27 17 28 17
1
36 39 37 39
1
31 26 31 25
1
19 26 19 25
1
42 34 41 34
1
35 40 36 40
1
13 11 13 10
1
22 22 22 23
1
21 19 21 18
1
28 17 28 16
1
41 18 42 18
1
18 30 19 30
1
36 40 35 40
1
19 23 20 23
1
27 32 26 32
1
19 7 18 7
1
27 31 27 32
1
35 40 35 39
1
29 31 29 30
1
23 29 23 30
1
26 18 27 18
1
42 18 42 19
1
24 26 25 26
1
26 24 27 24
1
21 21 20 21
1
45 5 44 5
1
9 32 10 32
1
15 20 15 19
1
6 11 7 11
1
15 19 14 19
1
19 25 20 25
1
42 19 42 20
1
26 23 25 23
1
27 32 27 33
1
20 23 21 23
1
20 7 20 6
1
5 2 5 3
1
22 25 23 25
1
40 7 40 8
1
17 23 17 22
1
18 7 19 7
1
8 4 9 4
1
23 33 22 33
1
17 22 17 23
1
21 3 21 2
1
20 21 20 22
1
20 10 19 10
1
27 34 28 34
1
25 24 26 24
1
37 41 38 41
1
30 44 30 43
1
38 41 39 41
1
29 21 30 21
1
9 4 9 5
1
35 39 36 39
1
40 9 40 10
1
41 34 41 35
1
25 23 25 22
1
24 23 23 23
1
37 40 37 41
1
36 39 36 40
1
37 41 37 42
1
19 7 20 7
1
5 3 4 3
1
10 40 11 40
1
29 30 29 29
1
9 5 9 4
1
31 25 31 24
1
23 25 23 24
1
23 36 22 36
1
7 11 8 11
1
44 5 45 5
1
19 10 19 9
1
14 2 14 3
1
40 10 40 9
1
27 23 28 23
1
30 21 29 21
1
10 32 9 32
1
37 42 37 41
1
25 26 26 26
1
34 20 34 19
1
31 24 31 23
1
22 33 21 33
1
20 22 20 21
1
42 20 42 21
1
8 11 8 12
1
22 23 22 24
1
37 41 38 41
1
9 4 9 5
1
39 41 39 40
1
28 34 29 34
1
40 8 41 8
1
27 11 27 10
1
23 30 23 31
1
23 23 22 23
1
42 21 42 20
1
37 39 38 39
1
22 36 22 35
1
41 8 42 8
1
27 24 27 25
1
26 24 25 24
1
17 23 16 23
1
13 7 12 7
1
38 41 38 40
1
23 31 23 32
1
12 7 13 7
1
19 9 20 9
1
21 33 22 33
1
28 22 27 22
1
10 34 9 34
1
36 40 37 40
1
28 16 28 15
1
29 16 28 16
1
37 40 37 41
1
22 33 22 34
1
31 23 31 22
1
16 23 15 23
1
42 8 43 8
1
22 23 22 22
1
8 12 8 11
1
14 3 14 2
1
14 38 15 38
1
26 32 26 33
1
9 34 9 33
1
30 43 30 44
1
28 15 27 15
1
27 10 26 10
1
39 40 39 39
1
20 7 19 7
1
13 7 13 8
1
28 16 29 16
1
31 22 30 22
1
38 39 38 38
1
27 18 26 18
1
32 37 32 38
1
27 15 28 15
1
25 24 25 23
1
18 4 17 4
1
10 35 9 35
1
30 22 30 23
1
14 19 13 19
1
14 13 15 13
1
21 2 21 3
1
19 24 18 24
1
13 10 14 10
1
18 24 18 23
1
23 22 24 22
1
13 19 14 19
1
22 34 21 34
1
9 9 10 9
1
9 5 9 6
1
32 38 33 38
1
23 35 24 35
1
26 10 26 11
1
20 33 21 33
1
24 31 23 31
1
29 34 28 34
1
28 27 28 28
1
28 23 27 23
1
9 32 10 32
1
20 6 19 6
1
21 33 21 32
1
27 23 26 23
1
33 38 33 37
1
29 21 30 21
1
14 2 14 1
1
19 7 18 7
1
24 35 24 34
1
14 1 13 1
1
29 29 29 28
1
38 38 38 37
1
25 23 24 23
1
24 23 25 23
1
9 6 9 5
1
30 21 31 21
1
18 13 18 14
1
14 10 14 11
1
9 33 10 33
1
10 32 9 32
1
9 5 9 6
1
23 31 22 31
1
13 8 13 7
1
15 23 16 23
1
20 25 21 25
1
21 34 22 34
1
26 23 26 24
1
29 16 29 15
1
18 23 19 23
1
7 7 6 7
1
14 11 14 10
1
29 28 30 28
1
13 7 14 7
1
28 34 28 33
1
10 33 11 33
1
42 20 42 21
1
26 24 27 24
1
33 37 33 38
1
19 30 20 30
1
26 26 25 26
1
22 34 22 33
1
22 24 22 23
1
35 42 35 41
1
27 25 27 26
1
25 22 25 21
1
16 23 17 23
1
39 39 38 39
1
19 23 19 24
1
24 34 24 35
1
6 7 7 7
1
21 25 20 25
1
25 21 24 21
1
22 33 23 33
1
27 33 27 32
1
14 7 14 8
1
26 18 26 19
1
17 23 17 24
1
22 35 21 35
1
28 33 27 33
1
23 13 24 13
1
30 28 30 29
1
40 9 39 9
1
31 21 30 21
1
18 14 18 13
1
22 23 23 23
1
18 13 18 14
1
13 1 12 1
1
12 1 13 1
1
21 18 21 19
1
21 29 21 28
1
30 23 30 24
1
21 28 20 28
1
38 37 38 36
1
26 19 25 19
1
36 36 37 36
1
19 6 20 6
1
9 32 10 32
1
21 23 21 22
1
25 19 25 20
1
33 38 32 38
1
38 36 39 36
1
27 33 27 34
1
38 39 37 39
1
22 16 23 16
1
10 32 11 32
1
11 40 11 41
1
38 40 38 39
1
14 10 14 9
1
30 44 29 44
1
38 39 39 39
1
42 21 42 20
1
27 34 27 35
1
11 33 10 33
1
27 32 27 33
1
27 33 28 33
1
30 24 30 23
1
24 13 24 12
1
9 6 10 6
1
37 36 37 37
1
24 35 25 35
1
17 24 18 24
1
15 13 15 14
1
22 31 21 31
1
8 11 8 10
1
18 24 17 24
1
17 24 17 23
1
23 24 22 24
1
22 22 22 21
1
11 32 11 31
1
30 23 30 22
1
27 26 28 26
1
10 9 9 9
1
28 28 29 28
1
24 12 25 12
1
20 6 21 6
1
25 20 26 20
1
20 25 19 25
1
41 35 40 35
1
26 11 26 10
1
28 15 27 15
1
27 15 27 16
1
40 35 40 34
1
15 14 16 14
1
26 20 25 20
1
14 9 13 9
1
22 21 22 20
1
25 23 25 22
1
17 4 17 3
1
28 26 29 26
1
30 29 29 29
1
9 35 8 35
1
25 35 26 35
1
32 38 31 38
1
22 24 22 25
1
26 33 25 33
1
37 41 36 41
1
14 8 14 7
1
21 31 22 31
1
20 28 19 28
1
11 31 11 30
1
30 22 29 22
1
21 19 20 19
1
4 3 4 2
1
11 30 11 29
1
17 23 17 22
1
39 39 40 39
1
8 35 8 34
1
18 14 18 13
1
21 35 20 35
1
7 7 7 6
1
21 3 20 3
1
27 24 28 24
1
27 22 28 22
1
25 20 25 21
1
30 33 30 34
1
20 19 20 18
1
23 16 24 16
1
29 15 29 14
1
30 34 29 34
1
20 9 19 9
1
19 9 20 9
1
22 31 23 31
1
34 19 34 20
1
25 12 25 13
1
27 35 27 34
1
34 20 34 19
1
28 33 29 33
1
24 22 23 22
1
29 23 30 23
1
25 22 25 23
1
13 9 13 10
1
20 18 21 18
1
4 2 5 2
1
21 32 21 33
1
20 3 20 2
1
40 34 40 35
1
30 21 29 21
1
30 23 29 23
1
25 26 25 25
1
17 22 17 21
1
20 2 20 3
1
25 33 26 33
1
17 21 17 22
1
17 22 18 22
1
45 36 44 36
1
35 41 35 42
1
17 3 17 4
1
21 22 21 21
1
40 35 40 34
1
45 5 45 4
1
19 28 20 28
1
26 35 25 35
1
8 10 7 10
1
27 34 27 35
1
29 14 29 15
1
29 34 29 35
1
17 4 17 5
1
42 20 42 19
1
13 1 13 2
1
19 24 20 24
1
27 35 26 35
1
36 41 37 41
1
7 6 7 7
1
39 9 40 9
1
35 42 35 41
1
44 36 44 35
1
20 24 19 24
1
21 21 21 22
1
20 21 19 21
1
23 33 22 33
1
26 10 26 11
1
22 33 23 33
1
24 21 23 21
1
23 31 24 31
1
14 19 13 19
1
37 37 37 36
1
26 35 27 35
1
27 35 28 35
1
45 4 44 4
1
29 29 30 29
1
29 26 29 27
1
10 33 10 34
1
42 19 42 18
1
10 6 10 7
1
28 22 28 21
1
29 22 30 22
1
37 36 36 36
1
24 31 25 31
1
29 33 28 33
1
29 44 28 44
1
23 22 24 22
1
8 34 8 33
1
9 9 8 9
1
11 41 11 42
1
21 33 20 33
1
17 5 18 5
1
11 29 10 29
1
20 35 20 34
1
18 22 19 22
1
31 38 30 38
1
22 20 22 19
1
19 22 19 23
1
29 23 29 24
1
27 16 26 16
1
26 11 25 11
1
21 6 22 6
1
29 21 30 21
1
44 4 45 4
1
29 27 30 27
1
39 36 39 35
1
35 41 35 42
1
10 29 9 29
1
25 13 25 12
1
23 21 23 20
1
23 20 23 19
1
21 18 21 17
1
30 27 29 27
1
5 2 6 2
1
23 32 24 32
1
26 16 26 15
1
8 33 7 33
1
29 35 29 36
1
6 2 7 2
1
30 22 31 22
1
9 29 10 29
1
25 35 25 36
1
10 7 11 7
1
24 22 24 21
1
22 25 22 26
1
28 33 27 33
1
8 9 8 8
1
25 31 25 32
1
21 22 21 21
1
20 28 20 27
1
43 8 42 8
1
7 2 7 3
1
19 25 20 25
1
10 29 10 30
1
20 33 20 32
1
20 32 19 32
1
25 36 24 36
1
8 8 8 7
1
11 7 11 6
1
25 32 25 31
1
11 6 11 5
1
28 44 29 44
1
11 42 11 43
1
44 35 44 34
1
22 19 22 18
1
20 27 20 28
1
11 5 11 6
1
29 27 29 26
1
7 3 6 3
1
16 14 15 14
1
31 22 32 22
1
29 36 29 37
1
8 7 8 6
1
19 21 19 20
1
18 7 18 8
1
42 8 42 9
1
11 6 11 5
1
7 33 7 34
1
19 20 19 21
1
11 5 10 5
1
28 21 28 20
1
45 4 44 4
1
27 33 28 33
1
20 3 19 3
1
24 16 24 17
1
42 18 42 19
1
18 8 19 8
1
36 36 36 35
1
29 26 28 26
1
20 28 19 28
1
24 36 23 36
1
20 25 19 25
1
24 32 24 33
1
20 9 20 8
1
18 5 17 5
1
25 11 26 11
1
36 35 36 36
1
24 21 24 20
1
40 9 40 8
1
19 21 19 20
1
29 37 28 37
1
23 23 23 22
1
23 19 24 19
1
20 30 20 29
1
28 24 28 23
1
7 7 7 6
1
32 22 31 22
1
44 34 44 33
1
13 19 14 19
1
18 13 19 13
1
20 8 20 9
1
22 26 22 27
1
19 3 19 2
1
29 15 29 14
1
24 17 24 16
1
13 10 14 10
1
40 8 40 9
1
22 27 22 26
1
29 44 29 45
1
23 33 23 32
1
28 37 28 36
1
14 10 13 10
1
19 13 18 13
1
29 45 30 45
1
28 23 28 22
1
19 25 19 26
1
19 20 19 21
1
24 19 24 18
1
24 20 23 20
1
17 5 17 6
1
36 36 35 36
1
29 14 29 15
1
19 2 19 3
1
42 19 43 19
1
37 41 37 42
1
18 13 18 14
1
25 25 24 25
1
19 8 19 7
1
28 36 28 37
1
22 26 22 27
1
19 24 18 24
1
29 15 29 14
1
30 21 31 21
1
24 33 23 33
1
7 6 6 6
1
22 18 22 19
1
29 28 29 29
1
19 26 19 27
1
37 39 37 38
1
17 6 18 6
1
43 19 43 18
1
28 33 29 33
1
24 25 24 24
1
23 22 23 21
1
28 37 27 37
1
44 33 45 33
1
23 21 24 21
1
13 10 14 10
1
15 14 15 13
1
14 10 14 9
1
29 14 30 14
1
29 24 30 24
1
18 14 17 14
1
7 34 7 33
1
19 3 19 4
1
14 9 15 9
1
15 9 16 9
1
35 42 36 42
1
13 2 12 2
1
7 10 7 11
1
16 9 17 9
1
10 30 10 31
1
30 29 30 28
1
14 7 13 7
1
28 20 29 20
1
39 35 39 36
1
15 38 15 39
1
25 23 25 24
1
19 27 20 27
1
24 16 25 16
1
20 27 20 26
1
6 3 7 3
1
30 28 31 28
1
18 6 18 5
1
28 22 28 23
1
25 21 25 20
1
37 42 38 42
1
30 38 29 38
1
28 35 29 35
1
31 22 32 22
1
25 12 24 12
1
24 21 24 22
1
7 33 7 32
1
43 18 42 18
1
10 34 11 34
1
23 32 24 32
1
10 31 10 30
1
24 18 23 18
1
24 24 23 24
1
32 22 32 21
1
25 16 25 17
1
21 17 21 18
1
23 33 24 33
1
31 21 31 20
1
7 32 7 31
1
27 37 26 37
1
6 6 6 7
1
34 19 35 19
1
26 15 27 15
1
22 19 22 20
1
29 33 29 34
1
29 38 29 39
1
11 34 11 33
1
17 14 16 14
1
29 29 29 30
1
22 20 22 21
1
29 34 28 34
1
30 45 29 45
1
26 37 26 38
1
39 36 38 36
1
25 24 25 25
1
35 19 35 18
1
20 9 20 8
1
25 20 25 19
1
23 36 23 37
1
23 24 24 24
1
24 32 23 32
1
21 18 21 19
1
19 7 18 7
1
35 36 34 36
1
19 21 19 22
1
18 24 18 23
1
40 9 39 9
1
29 30 29 31
1
19 22 18 22
1
16 14 16 13
1
7 3 6 3
1
8 6 8 7
1
15 39 15 38
1
40 39 40 38
1
42 18 42 19
1
13 7 12 7
1
40 34 39 34
1
17 9 17 8
1
29 31 29 32
1
19 23 20 23
1
19 4 18 4
1
7 11 6 11
1
6 11 6 10
1
23 37 23 38
1
44 4 44 5
1
24 24 24 25
1
36 42 35 42
1
35 42 35 41
1
7 31 8 31
1
12 2 13 2
1
34 36 34 35
1
23 18 23 17
1
6 7 6 6
1
26 38 25 38
1
24 12 24 11
1
24 11 25 11
1
11 43 11 44
1
11 44 11 43
1
32 21 31 21
1
6 10 7 10
1
28 23 28 22
1
7 10 7 11
1
25 31 25 30
1
8 7 8 8
1
30 14 30 15
1
29 39 29 40
1
45 33 45 34
1
38 36 38 37
1
30 24 31 24
1
23 17 23 18
1
25 30 25 31
1
16 13 16 12
1
19 28 18 28
1
31 21 31 22
1
31 28 32 28
1
25 19 26 19
1
27 15 26 15
1
20 26 20 27
1
35 18 34 18
1
28 34 29 34
1
14 19 15 19
1
26 11 26 12
1
31 24 30 24
1
29 32 29 31
1
26 15 26 14
1
8 8 8 7
1
7 11 6 11
1
25 17 25 16
1
31 22 32 22
1
29 35 30 35
1
32 28 32 29
1
26 33 26 34
1
24 25 24 26
1
42 9 41 9
1
18 28 19 28
1
20 27 20 28
1
6 6 6 7
1
40 38 41 38
1
10 5 9 5
1
30 24 30 23
1
29 34 30 34
1
29 31 28 31
1
25 38 25 37
1
15 38 16 38
1
25 25 26 25
1
26 34 26 35
1
41 38 40 38
1
26 14 27 14
1
20 8 20 7
1
20 29 19 29
1
24 22 24 21
1
16 12 16 13
1
20 34 21 34
1
15 13 15 12
1
29 40 29 39
1
44 5 45 5
1
23 18 23 19
1
29 20 30 20
1
28 31 29 31
1
23 19 24 19
1
38 37 38 36
1
28 26 29 26
1
21 34 20 34
1
30 15 30 14
1
6 11 7 11
1
26 35 27 35
1
34 18 35 18
1
26 19 26 18
1
45 5 45 6
1
25 11 24 11
1
29 45 30 45
1
18 5 19 5
1
19 28 19 27
1
40 38 40 37
1
30 14 29 14
1
19 29 18 29
1
8 31 8 32
1
7 11 6 11
1
27 14 27 13
1
10 30 10 31
1
18 4 19 4
1
32 22 31 22
1
32 29 31 29
1
9 5 10 5
1
34 35 34 34
1
6 7 6 8
1
29 39 28 39
1
34 34 34 35
1
22 6 21 6
1
22 21 22 20
1
18 22 18 21
1
24 33 23 33
1
40 37 39 37
1
29 31 29 30
1
18 23 18 22
1
39 34 39 35
1
30 20 29 20
1
31 29 32 29
1
8 7 8 6
1
24 21 24 22
1
6 3 6 2
1
35 18 35 19
1
25 31 26 31
1
6 8 6 9
1
39 37 40 37
1
10 31 9 31
1
15 19 15 20
1
21 21 21 20
1
6 11 5 11
1
26 18 27 18
1
20 7 21 7
1
27 13 28 13
1
34 35 34 34
1
17 8 17 7
1
13 2 12 2
1
11 33 12 33
1
24 11 24 12
1
19 27 19 26
1
35 41 34 41
1
38 42 38 41
1
26 31 26 32
1
19 5 20 5
1
25 37 26 37
1
12 7 11 7
1
38 41 37 41
1
22 27 23 27
1
16 13 16 14
1
28 39 28 40
1
27 35 26 35
1
12 2 11 2
1
32 29 32 28
1
15 20 15 19
1
18 29 18 30
1
21 7 20 7
1
27 18 26 18
1
19 26 19 25
1
18 21 18 20
1
30 34 30 33
1
15 12 14 12
1
24 22 23 22
1
45 6 45 5
1
26 35 27 35
1
38 36 38 37
1
28 13 27 13
1
23 20 24 20
1
21 6 22 6
1
20 34 20 33
1
6 9 6 8
1
18 22 17 22
1
41 9 41 10
1
29 30 29 29
1
35 19 35 20
1
27 35 28 35
1
28 22 27 22
1
26 12 26 13
1
40 37 40 38
1
20 23 20 24
1
20 33 19 33
1
19 4 18 4
1
6 2 6 3
1
14 12 13 12
1
5 11 6 11
1
18 20 18 21
1
31 20 31 21
1
26 32 26 31
1
19 25 18 25
1
26 31 27 31
1
21 19 21 18
1
13 12 13 11
1
30 23 29 23
1
21 18 22 18
1
29 23 30 23
1
18 25 17 25
1
28 40 29 40
1
20 24 20 25
1
30 45 29 45
1
22 20 22 21
1
19 33 20 33
1
23 27 22 27
1
29 14 30 14
1
24 12 25 12
1
11 7 12 7
1
17 22 16 22
1
20 33 20 34
1
10 5 10 6
1
16 22 16 23
1
45 34 44 34
1
17 25 17 26
1
38 37 38 38
1
27 13 27 12
1
20 5 21 5
1
25 12 24 12
1
20 28 20 27
1
40 38 41 38
1
30 23 31 23
1
15 19 15 20
1
26 13 26 12
1
30 35 31 35
1
31 22 32 22
1
41 10 41 9
1
39 9 39 10
1
11 43 11 42
1
45 5 46 5
1
6 3 6 4
1
46 5 47 5
1
26 12 26 13
1
6 4 6 5
1
12 33 13 33
1
47 5 47 6
1
17 26 17 25
1
18 7 19 7
1
15 20 15 19
1
18 21 18 20
1
20 25 20 24
1
19 7 18 7
1
27 12 28 12
1
25 16 25 17
1
29 29 30 29
1
30 14 29 14
1
29 40 28 40
1
6 11 5 11
1
13 11 13 12
1
31 35 31 36
1
28 40 27 40
1
34 34 35 34
1
47 6 47 7
1
29 20 30 20
1
24 20 23 20
1
8 6 7 6
1
24 26 24 27
1
18 4 18 3
1
20 27 19 27
1
16 38 15 38
1
30 33 30 34
1
31 21 31 22
1
22 18 22 19
1
21 5 21 6
1
23 33 23 34
1
24 19 25 19
1
27 22 27 21
1
24 27 24 28
1
12 7 11 7
1
30 34 30 33
1
25 19 26 19
1
42 19 42 20
1
22 21 22 20
1
15 38 16 38
1
30 29 31 29
1
35 34 35 33
1
7 6 6 6
1
30 20 29 20
1
44 34 44 33
1
18 7 18 8
1
13 12 13 13
1
31 23 32 23
1
44 33 45 33
1
42 20 43 20
1
17 25 18 25
1
43 20 43 19
1
22 27 22 28
1
29 20 29 21
1
26 13 26 12
1
29 21 29 22
1
20 34 19 34
1
35 20 34 20
1
35 33 35 34
1
24 12 24 11
1
8 32 8 31
1
34 41 33 41
1
20 7 21 7
1
18 30 18 29
1
28 35 28 34
1
43 19 43 20
1
9 31 9 32
1
32 22 33 22
1
28 34 29 34
1
41 9 42 9
1
11 42 10 42
1
47 7 46 7
1
19 27 19 28
1
22 19 22 18
1
18 3 18 2
1
45 33 45 32
1
32 28 31 28
1
19 34 19 35
1
20 24 21 24
1
23 38 24 38
1
21 24 21 25
1
43 20 43 21
1
24 28 24 29
1
21 6 20 6
1
41 38 41 37
1
22 18 21 18
1
35 34 36 34
1
23 32 23 33
1
19 35 18 35
1
24 11 24 12
1
21 7 20 7
1
17 7 16 7
1
29 34 28 34
1
8 31 9 31
1
26 19 25 19
1
28 12 29 12
1
6 6 6 7
1
25 19 25 20
1
11 7 11 6
1
16 14 17 14
1
23 33 23 32
1
25 17 25 18
1
9 32 8 32
1
13 33 14 33
1
25 20 25 19
1
32 23 31 23
1
24 29 25 29
1
43 21 42 21
1
26 25 27 25
1
26 18 26 17
1
37 38 37 37
1
20 6 21 6
1
29 14 30 14
1
18 2 19 2
1
23 32 23 31
1
42 9 41 9
1
21 25 21 24
1
42 21 42 20
1
45 32 45 31
1
19 32 19 33
1
22 6 23 6
1
31 23 32 23
1
29 22 29 23
1
24 38 24 39
1
16 23 16 24
1
6 5 7 5
1
23 34 22 34
1
20 7 20 8
1
30 33 30 34
1
15 19 15 20
1
15 20 14 20
1
39 10 39 9
1
8 32 7 32
1
24 39 24 40
1
14 20 14 21
1
41 9 41 8
1
23 22 22 22
1
33 22 32 22
1
22 22 22 23
1
16 38 17 38
1
21 18 22 18
1
23 20 23 21
1
18 8 18 7
1
41 37 41 36
1
29 23 29 24
1
46 7 46 8
1
21 20 21 19
1
21 6 21 7
1
29 12 29 13
1
18 20 18 19
1
29 13 28 13
1
30 14 29 14
1
18 25 17 25
1
5 11 6 11
1
9 31 10 31
1
25 29 25 28
1
41 8 40 8
1
6 7 5 7
1
20 8 21 8
1
39 9 40 9
1
16 7 15 7
1
25 18 25 17
1
28 13 28 14
1
29 24 29 25
1
18 7 18 6
1
29 45 28 45
1
21 8 20 8
1
11 6 11 7
1
17 38 18 38
1
21 19 22 19
1
46 8 46 9
1
28 45 29 45
1
29 14 29 15
1
6 8 7 8
1
25 28 26 28
1
22 20 21 20
1
25 19 24 19
1
23 31 23 32
1
36 34 36 35
1
46 9 46 10
1
26 17 27 17
1
29 15 29 16
1
18 6 17 6
1
19 28 19 27
1
36 35 36 36
1
27 40 27 39
1
22 18 23 18
1
24 40 24 39
1
22 19 21 19
1
29 45 29 46
1
42 20 42 19
1
22 23 23 23
1
38 38 37 38
1
29 26 28 26
1
36 36 36 37
1
6 11 7 11
1
24 19 24 20
1
23 23 24 23
1
7 32 7 33
1
17 14 18 14
1
25 17 26 17
1
14 33 14 32
1
28 34 28 35
1
40 8 41 8
1
14 21 15 21
1
27 25 28 25
1
39 35 40 35
1
10 42 10 41
1
17 25 18 25
1
41 36 41 35
1
13 13 13 12
1
24 12 25 12
1
15 7 15 8
1
10 6 10 5
1
36 37 36 38
1
18 25 18 26
1
10 41 9 41
1
23 32 22 32
1
37 38 38 38
1
31 28 32 28
1
32 28 31 28
1
22 32 23 32
1
37 37 36 37
1
24 39 25 39
1
42 19 43 19
1
13 12 13 13
1
23 18 23 17
1
14 32 14 33
1
31 29 31 30
1
18 26 19 26
1
19 2 20 2
1
26 17 25 17
1
10 5 10 6
1
15 21 14 21
1
21 24 20 24
1
28 26 29 26
1
43 19 44 19
1
7 5 7 4
1
18 29 17 29
1
31 22 30 22
1
15 8 15 9
1
19 26 19 25
1
31 28 31 29
1
23 6 23 5
1
27 17 26 17
1
30 34 29 34
1
25 39 24 39
1
11 7 12 7
1
26 12 26 11
1
10 6 10 7
1
20 8 19 8
1
5 7 4 7
1
10 31 10 30
1
12 7 11 7
1
31 36 31 37
1
14 33 14 34
1
27 39 27 38
1
28 35 28 34
1
27 38 27 39
1
41 35 41 34
1
23 21 23 20
1
19 33 20 33
1
19 27 19 28
1
18 19 19 19
1
44 19 45 19
1
28 14 28 13
1
7 11 7 10
1
27 31 26 31
1
25 12 25 13
1
31 30 32 30
1
29 34 29 33
1
46 10 45 10
1
20 33 20 32
1
14 21 14 22
1
31 29 31 30
1
14 22 14 21
1
7 10 7 11
1
13 13 13 12
1
32 30 32 29
1
26 28 26 29
1
33 41 34 41
1
29 25 30 25
1
7 33 8 33
1
14 21 14 20
1
11 2 12 2
1
29 26 29 27
1
7 4 6 4
1
10 7 10 6
1
41 8 42 8
1
38 38 38 39
1
25 17 25 18
1
29 16 29 15
1
10 6 11 6
1
19 19 18 19
1
20 24 20 23
1
28 25 28 26
1
26 17 26 16
1
45 31 45 30
1
26 29 27 29
1
21 19 22 19
1
27 39 28 39
1
29 27 29 26
1
31 37 32 37
1
45 10 45 9
1
23 20 23 21
1
18 35 18 36
1
34 20 34 19
1
18 36 19 36
1
38 39 37 39
1
36 37 36 36
1
16 24 16 25
1
18 19 17 19
1
26 16 27 16
1
27 16 26 16
1
20 2 19 2
1
21 20 21 19
1
10 30 10 29
1
19 8 18 8
1
18 8 19 8
1
22 28 23 28
1
12 2 12 3
1
25 13 25 14
1
24 20 24 21
1
27 29 28 29
1
40 35 40 36
1
10 29 9 29
1
22 19 22 20
1
15 9 16 9
1
37 41 36 41
1
36 36 36 37
1
29 33 29 34
1
26 31 26 32
1
19 8 20 8
1
34 41 34 42
1
36 37 37 37
1
32 37 31 37
1
45 30 45 31
1
23 5 24 5
1
7 11 7 10
1
4 7 3 7
1
22 34 22 33
1
28 29 28 30
1
28 34 27 34
1
40 36 41 36
1
11 6 11 5
1
19 36 20 36
1
29 46 29 45
1
7 10 7 9
1
26 11 26 10
1
40 9 40 8
1
28 13 27 13
1
8 33 9 33
1
7 8 7 7
1
24 23 23 23
1
9 29 8 29
1
37 37 37 36
1
30 22 31 22
1
25 18 25 17
1
12 3 11 3
1
7 7 6 7
1
29 26 29 25
1
17 19 18 19
1
29 25 28 25
1
9 41 9 42
1
26 37 26 38
1
28 30 28 31
1
29 15 30 15
1
19 2 19 3
1
11 7 10 7
1
25 14 25 13
1
27 13 27 14
1
18 38 19 38
1
17 6 16 6
1
36 38 35 38
1
36 41 36 42
1
26 10 27 10
1
19 28 20 28
1
34 42 33 42
1
21 7 22 7
1
11 5 11 6
1
27 10 26 10
1
17 29 18 29
1
31 22 30 22
1
21 19 22 19
1
22 7 23 7
1
20 36 21 36
1
32 22 31 22
1
32 29 32 30
1
3 7 4 7
1
23 32 24 32
1
16 9 16 10
1
45 19 46 19
1
10 7 9 7
1
24 21 25 21
1
13 12 13 13
1
20 28 20 27
1
42 8 41 8
1
37 39 36 39
1
31 37 30 37
1
23 21 23 20
1
9 33 8 33
1
46 19 45 19
1
6 4 7 4
1
26 16 27 16
1
20 27 20 28
1
40 8 39 8
1
30 15 29 15
1
16 6 17 6
1
4 7 3 7
1
8 29 9 29
1
45 19 44 19
1
7 4 6 4
1
36 42 36 43
1
8 33 8 32
1
28 31 28 30
1
24 32 24 31
1
37 36 37 37
1
20 28 21 28
1
30 37 30 38
1
36 43 36 42
1
45 9 45 10
1
27 16 27 15
1
28 25 29 25
1
28 26 27 26
1
26 10 26 11
1
30 38 30 39
1
8 32 8 31
1
11 3 10 3
1
23 20 24 20
1
25 17 25 18
1
27 21 28 21
1
25 21 24 21
1
6 7 7 7
1
14 34 14 35
1
35 38 36 38
1
29 25 29 26
1
9 29 8 29
1
14 20 15 20
1
24 5 24 6
1
29 34 30 34
1
9 42 8 42
1
7 7 8 7
1
25 18 26 18
1
13 13 13 14
1
45 10 45 9
1
41 36 41 37
1
24 6 25 6
1
11 6 10 6
1
7 9 7 8
1
31 22 32 22
1
34 19 34 20
1
19 3 18 3
1
37 37 36 37
1
19 38 19 37
1
9 7 10 7
1
22 19 21 19
1
19 37 19 36
1
27 15 27 16
1
27 16 27 17
1
18 29 19 29
1
16 25 16 26
1
32 22 32 21
1
27 17 26 17
1
28 39 27 39
1
26 17 27 17
1
20 23 20 22
1
36 37 35 37
1
20 32 20 33
1
14 35 13 35
1
24 20 23 20
1
3 7 4 7
1
32 21 33 21
1
26 38 26 39
1
27 34 28 34
1
41 34 40 34
1
30 34 29 34
1
25 6 25 7
1
8 31 8 30
1
24 39 23 39
1
21 36 21 35
1
10 7 9 7
1
45 9 45 10
1
19 29 18 29
1
6 4 5 4
1
23 28 23 29
1
26 39 26 40
1
34 20 33 20
1
26 32 26 31
1
22 20 22 19
1
33 20 33 19
1
23 39 22 39
1
22 33 23 33
1
20 33 20 34
1
23 20 24 20
1
29 26 30 26
1
8 29 7 29
1
16 26 17 26
1
41 37 41 38
1
29 15 29 16
1
29 45 28 45
1
18 19 19 19
1
27 26 27 25
1
10 6 10 7
1
28 34 28 33
1
5 4 5 3
1
25 13 24 13
1
23 17 24 17
1
23 29 22 29
1
27 14 28 14
1
45 10 45 11
1
24 13 24 14
1
19 36 19 37
1
21 19 21 18
1
24 31 23 31
1
30 26 29 26
1
45 11 45 10
1
28 21 28 22
1
30 39 29 39
1
26 11 26 12
1
36 38 35 38
1
24 17 25 17
1
18 3 18 2
1
26 31 25 31
1
28 33 28 32
1
29 39 29 40
1
41 38 40 38
1
25 17 25 18
1
17 26 18 26
1
18 29 18 28
1
39 8 38 8
1
18 26 19 26
1
33 19 32 19
1
28 30 29 30
1
31 30 31 29
1
45 31 45 30
1
21 28 21 27
1
20 8 20 9
1
8 30 7 30
1
30 25 30 26
1
22 19 21 19
1
18 2 18 3
1
32 23 32 24
1
22 39 22 40
1
13 14 14 14
1
27 25 26 25
1
29 16 28 16
1
10 7 10 8
1
29 30 29 29
1
32 24 31 24
1
28 14 28 15
1
8 7 7 7
1
32 30 31 30
1
24 21 24 22
1
23 7 24 7
1
24 22 23 22
1
21 27 21 26
1
20 34 21 34
1
35 38 35 39
1
16 10 17 10
1
38 8 37 8
1
31 24 32 24
1
15 20 16 20
1
25 31 25 30
1
32 24 33 24
1
25 30 26 30
1
24 20 23 20
1
45 30 44 30
1
35 37 35 38
1
28 16 29 16
1
13 35 13 36
1
25 7 25 6
1
26 25 25 25
1
28 45 27 45
1
30 22 30 21
1
36 42 36 43
1
33 42 33 43
1
28 32 28 33
1
36 43 35 43
1
37 8 37 9
1
40 34 40 33
1
18 28 19 28
1
21 26 21 25
1
13 36 12 36
1
44 19 44 18
1
30 21 30 20
1
33 24 34 24
1
27 17 28 17
1
25 25 24 25
1
41 8 42 8
1
45 10 45 11
1
28 17 28 16
1
40 38 40 37
1
7 8 7 9
1
29 29 29 30
1
28 22 27 22
1
28 15 28 14
1
21 19 20 19
1
12 36 13 36
1
21 35 20 35
1
4 7 4 8
1
24 25 23 25
1
17 6 17 5
1
32 19 31 19
1
28 14 29 14
1
29 34 29 35
1
26 30 26 29
1
4 8 4 7
1
5 3 4 3
1
23 23 24 23
1
20 22 21 22
1
25 18 24 18
1
24 7 23 7
1
7 9 7 8
1
30 26 30 27
1
26 12 27 12
1
7 8 8 8
1
10 3 10 4
1
23 7 22 7
1
35 43 35 42
1
17 10 18 10
1
25 6 25 7
1
28 33 27 33
1
30 27 30 26
1
40 33 40 32
1
29 40 29 41
1
26 29 25 29
1
24 23 25 23
1
24 18 24 19
1
10 8 10 9
1
19 19 19 20
1
27 33 27 34
1
29 26 29 25
1
22 29 21 29
1
25 29 26 29
1
27 22 28 22
1
19 25 19 24
1
19 37 18 37
1
19 24 18 24
1
21 18 21 17
1
19 26 19 25
1
31 29 31 28
1
31 19 30 19
1
29 41 29 40
1
29 25 28 25
1
23 25 22 25
1
18 10 17 10
1
21 29 21 30
1
14 14 14 15
1
21 22 21 21
1
40 32 39 32
1
23 20 23 19
1
8 42 9 42
1
4 3 3 3
1
18 14 19 14
1
39 32 40 32
1
29 14 28 14
1
27 34 27 35
1
3 3 2 3
1
42 8 42 7
1
30 26 29 26
1
45 11 44 11
1
40 37 40 36
1
30 20 31 20
1
37 9 38 9
1
9 42 9 43
1
19 20 19 21
1
21 21 21 20
1
22 25 22 26
1
25 7 24 7
1
20 35 19 35
1
42 7 41 7
1
10 4 11 4
1
40 32 41 32
1
21 25 22 25
1
36 39 37 39
1
29 30 30 30
1
18 3 17 3
1
23 22 23 21
1
20 19 20 18
1
22 7 23 7
1
23 33 24 33
1
9 43 8 43
1
30 19 30 18
1
8 43 7 43
1
31 30 32 30
1
10 9 11 9
1
11 4 10 4
1
26 18 26 17
1
7 7 8 7
1
23 19 22 19
1
32 30 32 29
1
35 42 36 42
1
33 21 32 21
1
27 39 27 38
1
30 30 29 30
1
17 3 18 3
1
14 15 13 15
1
23 21 24 21
1
38 9 37 9
1
24 14 24 15
1
27 12 28 12
1
20 18 21 18
1
28 16 27 16
1
37 9 37 10
1
24 15 24 14
1
19 14 20 14
1
32 21 33 21
1
11 9 10 9
1
13 15 13 14
1
22 26 22 27
1
20 9 20 8
1
27 35 27 34
1
21 18 22 18
1
37 39 37 38
1
31 20 31 19
1
27 38 26 38
1
25 23 24 23
1
30 18 29 18
1
29 26 30 26
1
26 29 26 30
1
10 4 11 4
1
31 19 32 19
1
41 32 40 32
1
40 36 40 35
1
32 19 33 19
1
13 36 13 37
1
13 37 13 38
1
11 4 10 4
1
10 4 9 4
1
9 7 9 8
1
29 35 30 35
1
24 23 23 23
1
35 38 36 38
1
36 38 36 37
1
24 19 25 19
1
19 28 18 28
1
17 10 17 9
1
36 42 35 42
1
44 11 45 11
1
27 45 27 46
1
30 35 30 34
1
2 3 2 4
1
2 4 2 5
1
34 24 33 24
1
7 43 7 44
1
26 40 25 40
1
2 5 3 5
1
28 22 28 23
1
9 4 8 4
1
8 4 8 5
1
8 8 8 9
1
22 19 22 20
1
35 39 36 39
1
8 9 7 9
1
21 17 20 17
1
21 20 20 20
1
25 40 25 39
1
29 16 28 16
1
7 9 8 9
1
32 29 32 30
1
4 7 4 6
1
26 17 26 18
1
29 40 29 39
1
23 7 23 6
1
19 35 18 35
1
10 9 10 8
1
13 14 13 13
1
18 28 19 28
1
10 8 11 8
1
33 19 34 19
1
24 33 25 33
1
28 25 29 25
1
33 21 32 21
1
18 35 18 36
1
29 25 29 24
1
44 30 43 30
1
7 29 6 29
1
18 3 19 3
1
37 38 37 39
1
20 14 20 15
1
22 20 23 20
1
19 25 19 26
1
44 18 43 18
1
13 38 13 39
1
23 23 24 23
1
19 28 19 29
1
13 13 12 13
1
24 14 24 15
1
21 34 22 34
1
29 30 28 30
1
31 28 30 28
1
19 29 18 29
1
20 17 21 17
1
19 26 19 25
1
28 16 29 16
1
24 15 24 16
1
22 27 21 27
1
29 18 29 17
1
21 30 20 30
1
22 40 22 41
1
30 28 31 28
1
4 6 4 5
1
18 37 18 38
1
18 38 19 38
1
25 39 25 38
1
24 23 23 23
1
6 29 6 28
1
21 27 21 26
1
23 23 23 22
1
45 11 45 12
1
8 9 8 10
1
7 44 7 45
1
23 31 24 31
1
18 24 17 24
1
28 12 29 12
1
41 7 41 6
1
25 19 25 18
1
23 20 22 20
1
27 46 27 47
1
20 15 19 15
1
3 5 2 5
1
28 14 28 15
1
32 21 33 21
1
27 47 26 47
1
8 7 9 7
1
7 30 7 29
1
4 5 4 6
1
35 42 35 41
1
22 25 22 26
1
13 39 14 39
1
20 8 20 9
1
29 16 28 16
1
22 18 23 18
1
17 5 17 4
1
17 9 17 8
1
24 7 23 7
1
22 20 22 19
1
26 47 25 47
1
29 12 29 13
1
4 6 4 5
1
20 9 19 9
1
19 25 19 26
1
7 45 7 46
1
4 5 4 6
1
27 16 26 16
1
40 32 40 31
1
36 39 36 40
1
33 24 33 23
1
19 9 19 10
1
7 46 8 46
1
25 18 25 19
1
28 30 29 30
1
19 21 19 20
1
19 26 18 26
1
30 26 30 25
1
31 28 31 27
1
19 10 19 9
1
2 5 3 5
1
12 13 11 13
1
36 37 36 38
1
26 30 25 30
1
17 8 18 8
1
8 46 8 47
1
23 6 23 5
1
20 20 20 21
1
18 26 18 25
1
28 23 28 24
1
20 30 20 31
1
9 7 8 7
1
22 26 23 26
1
37 39 38 39
1
17 4 16 4
1
33 43 34 43
1
8 7 8 6
1
43 18 44 18
1
22 19 22 18
1
33 21 32 21
1
25 38 25 39
1
32 21 31 21
1
29 30 28 30
1
28 16 29 16
1
8 47 8 46
1
20 31 20 32
1
16 20 16 19
1
21 17 22 17
1
28 24 28 23
1
17 24 17 23
1
29 13 29 14
1
18 25 18 26
1
8 5 8 4
1
20 21 19 21
1
16 4 17 4
1
18 8 17 8
1
22 41 23 41
1
11 8 10 8
1
29 17 29 18
1
31 27 30 27
1
29 14 29 13
1
10 8 10 9
1
18 36 18 37
1
37 10 37 11
1
24 21 25 21
1
4 6 4 7
1
30 27 30 28
1
31 21 30 21
1
36 40 36 41
1
26 16 27 16
1
19 20 19 19
1
18 37 19 37
1
21 26 21 25
1
27 16 26 16
1
26 18 26 19
1
26 38 27 38
1
17 4 16 4
1
29 13 30 13
1
7 29 7 28
1
25 39 25 38
1
43 30 42 30
1
19 38 18 38
1
30 34 30 35
1
23 18 23 19
1
36 41 37 41
1
23 7 24 7
1
3 5 4 5
1
30 21 30 22
1
25 38 25 39
1
37 11 36 11
1
21 25 21 26
1
27 34 27 33
1
27 33 27 32
1
26 16 26 17
1
29 24 29 23
1
4 7 4 8
1
24 31 24 32
1
24 16 23 16
1
11 13 12 13
1
25 21 25 22
1
8 4 8 3
1
19 3 19 2
1
22 34 21 34
1
16 19 17 19
1
36 38 35 38
1
19 19 18 19
1
34 43 34 44
1
23 16 22 16
1
40 31 39 31
1
16 4 15 4
1
29 39 30 39
1
32 30 31 30
1
22 18 22 19
1
25 33 25 34
1
30 39 29 39
1
30 13 29 13
1
29 39 29 38
1
28 30 28 29
1
25 39 25 40
1
23 26 23 25
1
7 28 7 29
1
19 2 20 2
1
9 8 9 9
1
8 3 8 4
1
4 5 4 6
1
17 23 17 24
1
35 41 35 42
1
4 6 4 5
1
25 30 25 31
1
25 31 24 31
1
9 9 9 10
1
22 19 22 20
1
34 19 34 20
1
18 26 17 26
1
29 13 29 14
1
23 22 22 22
1
21 26 22 26
1
22 17 23 17
1
8 4 8 3
1
29 18 28 18
1
7 29 7 30
1
8 3 8 2
1
23 5 22 5
1
30 22 31 22
1
35 38 36 38
1
8 2 8 1
1
14 39 15 39
1
45 12 45 13
1
29 38 30 38
1
24 31 24 30
1
17 19 17 20
1
29 23 29 22
1
25 34 24 34
1
19 21 18 21
1
30 25 31 25
1
42 30 42 29
1
34 44 34 43
1
8 6 7 6
1
35 42 36 42
1
31 22 31 23
1
23 41 23 42
1
42 29 42 28
1
8 1 9 1
1
34 43 33 43
1
8 10 8 11
1
28 23 28 24
1
31 23 30 23
1
8 46 8 47
1
27 38 27 39
1
15 4 15 3
1
28 24 28 25
1
9 10 10 10
1
8 47 7 47
1
15 39 15 40
1
27 39 26 39
1
7 47 7 46
1
26 39 27 39
1
40 35 41 35
1
20 32 20 31
1
22 5 23 5
1
33 23 33 22
1
21 34 21 35
1
20 31 20 32
1
19 37 19 38
1
29 16 29 15
1
25 40 24 40
1
28 25 28 24
1
10 9 9 9
1
45 13 46 13
1
36 42 36 41
1
27 39 27 38
1
23 5 24 5
1
29 22 30 22
1
46 13 45 13
1
25 22 25 21
1
17 8 16 8
1
27 38 27 39
1
19 15 20 15
1
20 2 21 2
1
19 9 19 8
1
28 29 28 30
1
25 47 25 46
1
24 5 25 5
1
23 25 24 25
1
37 41 37 42
1
30 28 29 28
1
18 38 17 38
1
33 43 32 43
1
25 21 24 21
1
23 17 22 17
1
41 35 41 34
1
7 30 7 31
1
15 40 14 40
1
24 40 23 40
1
28 24 28 25
1
36 41 36 42
1
16 8 17 8
1
7 46 6 46
1
18 21 17 21
1
45 13 46 13
1
10 10 10 11
1
23 42 24 42
1
21 2 20 2
1
24 34 24 33
1
22 20 23 20
1
19 38 18 38
1
23 20 22 20
1
36 11 37 11
1
29 28 29 29
1
37 11 37 10
1
4 8 4 9
1
42 28 43 28
1
28 30 29 30
1
29 14 29 13
1
17 21 17 22
1
22 22 22 21
1
24 33 23 33
1
8 11 7 11
1
25 46 26 46
1
38 39 39 39
1
18 29 19 29
1
20 32 21 32
1
23 19 23 18
1
36 42 35 42
1
17 24 17 23
1
29 30 29 31
1
23 18 23 19
1
24 21 24 22
1
28 18 29 18
1
44 18 44 19
1
23 40 23 41
1
24 30 24 29
1
22 20 23 20
1
17 38 17 37
1
17 22 17 21
1
7 11 6 11
1
29 18 30 18
1
22 21 22 22
1
18 38 18 37
1
6 46 6 45
1
17 37 17 36
1
23 41 24 41
1
4 5 4 4
1
6 45 6 44
1
14 40 14 41
1
22 17 22 18
1
36 38 36 37
1
46 13 47 13
1
21 35 21 34
1
22 16 21 16
1
6 44 5 44
1
23 19 23 18
1
22 22 22 21
1
20 15 20 14
1
24 25 24 26
1
21 16 21 15
1
32 43 32 42
1
30 35 30 34
1
28 15 28 16
1
41 6 40 6
1
21 34 22 34
1
15 3 16 3
1
43 28 44 28
1
29 31 29 30
1
33 22 33 21
1
17 21 16 21
1
7 6 7 5
1
35 42 35 41
1
22 21 22 22
1
31 30 30 30
1
20 14 20 13
1
32 42 31 42
1
33 21 34 21
1
30 34 29 34
1
20 2 19 2
1
24 29 24 30
1
30 22 29 22
1
37 42 36 42
1
31 25 31 24
1
7 31 7 30
1
31 24 30 24
1
17 8 17 7
1
19 29 18 29
1
17 20 18 20
1
18 29 19 29
1
30 24 31 24
1
6 11 6 12
1
17 36 17 35
1
34 21 34 22
1
17 7 18 7
1
44 28 45 28
1
6 28 5 28
1
24 41 23 41
1
19 8 18 8
1
18 7 18 6
1
39 39 39 40
1
18 37 19 37
1
4 4 3 4
1
16 3 15 3
1
22 22 22 21
1
37 10 37 11
1
23 18 23 17
1
29 15 30 15
1
29 30 28 30
1
19 29 19 28
1
35 41 35 40
1
4 9 3 9
1
23 17 23 18
1
30 38 31 38
1
24 7 23 7
1
18 8 18 7
1
19 28 18 28
1
15 3 15 4
1
10 11 9 11
1
6 12 7 12
1
45 28 45 27
1
17 23 17 22
1
31 24 30 24
1
30 30 30 29
1
27 32 26 32
1
5 44 5 43
1
34 20 34 19
1
39 40 38 40
1
35 40 34 40
1
7 5 8 5
1
27 39 26 39
1
23 18 23 19
1
23 19 22 19
1
18 6 17 6
1
37 11 37 12
1
29 22 29 23
1
17 35 16 35
1
30 24 31 24
1
34 22 33 22
1
33 22 33 23
1
26 19 26 20
1
7 30 7 29
1
7 12 6 12
1
26 39 27 39
1
36 37 36 36
1
26 20 27 20
1
18 19 17 19
1
3 9 4 9
1
5 43 4 43
1
17 19 17 20
1
8 5 7 5
1
34 19 34 20
1
30 18 30 19
1
36 36 35 36
1
29 34 30 34
1
29 13 29 14
1
25 19 24 19
1
26 32 26 33
1
31 24 30 24
1
4 9 3 9
1
9 1 8 1
1
18 20 18 19
1
16 35 17 35
1
17 20 16 20
1
19 37 18 37
1
30 23 31 23
1
24 26 25 26
1
41 34 42 34
1
21 32 20 32
1
47 13 47 12
1
26 33 27 33
1
3 9 2 9
1
34 40 33 40
1
27 39 28 39
1
9 9 10 9
1
23 41 23 40
1
40 6 40 7
1
14 41 15 41
1
26 17 27 17
1
23 33 24 33
1
29 29 29 30
1
16 21 17 21
1
12 13 13 13
1
19 2 18 2
1
47 12 46 12
1
29 30 29 29
1
18 2 18 3
1
3 4 4 4
1
26 46 26 47
1
22 19 21 19
1
38 40 37 40
1
17 22 18 22
1
31 42 31 41
1
21 15 21 14
1
2 9 1 9
1
16 20 16 21
1
18 19 19 19
1
10 9 11 9
1
17 35 17 36
1
31 23 31 22
1
18 37 17 37
1
5 28 5 27
1
1 9 1 10
1
6 12 7 12
1
33 40 33 39
1
25 5 25 6
1
28 39 29 39
1
17 26 17 27
1
18 7 19 7
1
4 43 4 42
1
15 41 16 41
1
16 41 17 41
1
16 21 16 20
1
17 41 17 42
1
18 3 17 3
1
28 16 28 15
1
21 14 22 14
1
45 27 45 26
1
35 36 34 36
1
4 42 4 41
1
25 6 25 5
1
15 4 16 4
1
7 29 7 28
1
30 34 29 34
1
1 10 2 10
1
19 19 18 19
1
5 27 5 26
1
19 7 19 8
1
16 20 17 20
1
29 39 29 38
1
33 39 33 38
1
22 21 21 21
1
42 34 42 33
1
17 6 16 6
1
34 20 33 20
1
24 42 23 42
1
46 12 47 12
1
2 10 2 9
1
16 6 17 6
1
23 7 23 8
1
24 33 24 34
1
22 26 22 27
1
36 42 37 42
1
23 8 22 8
1
33 23 32 23
1
17 42 16 42
1
20 32 20 31
1
24 19 24 20
1
9 11 10 11
1
23 20 23 19
1
7 12 7 13
1
27 17 27 18
1
27 20 27 21
1
11 9 10 9
1
16 4 16 3
1
16 3 16 4
1
22 18 22 17
1
24 20 25 20
1
13 13 13 12
1
22 27 21 27
1
17 20 16 20
1
25 20 24 20
1
27 21 27 22
1
8 1 9 1
1
27 18 27 19
1
47 12 47 11
1
28 15 29 15
1
24 32 24 31
1
37 40 37 39
1
10 9 9 9
1
2 9 2 10
1
33 20 33 19
1
18 22 19 22
1
17 37 17 38
1
29 38 30 38
1
23 42 22 42
1
30 19 31 19
1
25 26 25 27
1
39 31 39 30
1
23 19 22 19
1
16 42 16 43
1
18 19 19 19
1
17 27 17 26
1
4 4 5 4
1
31 41 32 41
1
22 14 22 15
1
26 47 27 47
1
21 21 21 22
1
22 34 21 34
1
5 26 5 27
1
16 20 16 21
1
18 28 17 28
1
17 28 17 29
1
17 21 17 20
1
37 42 37 41
1
28 25 28 24
1
16 4 17 4
1
19 19 19 18
1
44 19 44 18
1
7 13 7 14
1
34 36 35 36
1
30 15 30 14
1
16 21 17 21
1
9 1 10 1
1
24 30 24 29
1
28 24 27 24
1
23 40 24 40
1
31 38 32 38
1
17 20 16 20
1
17 29 17 30
1
10 11 11 11
1
2 10 2 9
1
33 19 32 19
1
30 38 29 38
1
20 13 20 14
1
29 15 29 16
1
22 8 22 7
1
37 41 38 41
1
4 41 5 41
1
22 42 23 42
1
7 28 8 28
1
31 22 30 22
1
21 27 20 27
1
22 19 22 20
1
21 22 21 23
1
8 28 8 27
1
30 29 31 29
1
38 41 38 42
1
22 15 23 15
1
5 27 5 28
1
47 11 46 11
1
19 18 19 19
1
33 38 34 38
1
7 14 6 14
1
29 16 29 17
1
38 42 38 41
1
25 5 25 4
1
17 38 16 38
1
24 31 24 32
1
34 38 34 37
1
23 15 22 15
1
30 24 30 23
1
19 19 19 20
1
30 23 30 24
1
29 17 29 18
1
38 41 37 41
1
19 22 19 23
1
39 30 40 30
1
9 9 10 9
1
5 4 4 4
1
40 7 39 7
1
31 19 31 20
1
20 14 21 14
1
27 47 27 46
1
17 6 18 6
1
19 23 20 23
1
31 29 31 28
1
18 6 18 5
1
23 42 23 41
1
30 24 30 25
1
29 23 30 23
1
31 28 30 28
1
27 24 28 24
1
25 4 25 5
1
17 4 17 5
1
31 20 32 20
1
45 26 45 27
1
5 28 5 29
1
37 39 37 38
1
23 41 23 40
1
30 25 29 25
1
46 11 46 10
1
22 17 23 17
1
40 30 39 30
1
2 9 2 8
1
18 5 19 5
1
34 37 33 37
1
16 20 15 20
1
37 38 36 38
1
29 25 29 24
1
30 23 31 23
1
24 40 24 41
1
19 8 18 8
1
32 38 31 38
1
22 15 22 14
1
36 38 36 39
1
31 38 31 37
1
10 1 10 2
1
29 18 30 18
1
32 23 33 23
1
10 9 9 9
1
16 43 17 43
1
29 29 30 29
1
46 10 46 11
1
16 38 17 38
1
22 14 22 15
1
17 36 18 36
1
30 18 30 17
1
27 19 26 19
1
21 19 21 20
1
29 14 28 14
1
22 7 23 7
1
33 37 33 36
1
13 12 13 11
1
46 11 46 12
1
17 5 16 5
1
31 23 32 23
1
17 38 17 37
1
32 20 33 20
1
18 36 18 35
1
22 15 23 15
1
36 39 35 39
1
5 41 6 41
1
28 24 28 23
1
23 7 23 6
1
16 5 16 4
1
20 27 21 27
1
18 35 17 35
1
24 32 23 32
1
30 22 30 21
1
20 23 19 23
1
32 23 31 23
1
29 24 28 24
1
10 2 10 1
1
17 37 17 38
1
39 7 40 7
1
30 29 31 29
1
31 29 30 29
1
13 11 13 12
1
24 20 25 20
1
9 9 9 8
1
24 41 24 42
1
23 17 23 16
1
19 20 20 20
1
17 38 17 37
1
10 1 10 2
1
25 27 24 27
1
40 7 40 8
1
15 20 16 20
1
17 35 18 35
1
32 41 32 40
1
21 34 22 34
1
24 27 25 27
1
16 20 16 21
1
30 14 29 14
1
7 5 6 5
1
46 12 46 11
1
9 8 8 8
1
8 27 7 27
1
30 21 29 21
1
5 29 5 28
1
27 46 26 46
1
26 46 25 46
1
40 8 40 7
1
10 2 9 2
1
35 39 34 39
1
21 23 21 24
1
24 34 24 35
1
28 30 28 29
1
28 24 27 24
1
6 5 6 4
1
24 29 25 29
1
45 27 45 28
1
16 21 15 21
1
2 8 2 7
1
25 20 26 20
1
25 29 25 28
1
45 28 45 29
1
29 38 29 37
1
29 21 29 20
1
31 37 31 36
1
9 2 9 3
1
8 8 8 9
1
15 21 15 20
1
30 17 30 16
1
28 29 28 30
1
16 4 16 3
1
24 42 25 42
1
30 28 29 28
1
6 41 7 41
1
46 11 45 11
1
32 40 32 39
1
27 22 28 22
1
40 7 40 8
1
23 16 22 16
1
8 9 7 9
1
29 34 28 34
1
2 7 1 7
1
45 11 46 11
1
28 34 29 34
1
25 42 26 42
1
7 9 7 8
1
33 36 32 36
1
21 14 21 15
1
26 20 26 21
1
23 6 22 6
1
4 4 3 4
1
18 8 19 8
1
7 8 6 8
1
28 14 27 14
1
17 43 17 44
1
19 5 19 4
1
15 20 14 20
1
21 24 21 23
1
19 23 19 24
1
23 32 22 32
1
28 22 27 22
1
42 33 42 34
1
26 42 26 41
1
37 41 36 41
1
40 8 40 7
1
17 26 17 25
1
31 23 31 22
1
21 27 22 27
1
30 29 31 29
1
35 36 35 37
1
29 37 28 37
1
16 3 15 3
1
7 27 7 26
1
28 23 28 24
1
22 6 21 6
1
44 18 44 17
1
13 12 13 13
1
27 14 26 14
1
29 20 29 21
1
5 28 5 27
1
24 22 25 22
1
39 30 39 31
1
21 20 21 21
1
31 36 31 37
1
7 26 8 26
1
46 11 45 11
1
11 11 11 10
1
45 11 45 10
1
34 39 35 39
1
17 25 16 25
1
28 24 28 25
1
21 15 22 15
1
17 30 18 30
1
17 21 17 22
1
25 46 26 46
1
18 30 19 30
1
42 34 41 34
1
23 15 23 14
1
40 7 39 7
1
14 20 14 21
1
28 30 27 30
1
31 22 32 22
1
45 10 45 9
1
25 28 25 29
1
27 22 27 23
1
19 30 19 31
1
37 12 37 13
1
20 20 21 20
1
24 35 23 35
1
31 37 31 38
1
32 22 32 23
1
22 20 23 20
1
29 34 29 33
1
11 10 10 10
1
41 34 41 35
1
19 31 19 32
1
20 31 20 32
1
17 44 17 43
1
21 21 20 21
1
6 8 6 9
1
22 27 22 26
1
44 17 44 16
1
17 3 17 4
1
17 37 17 36
1
17 43 16 43
1
17 36 18 36
1
32 23 31 23
1
20 32 20 33
1
20 21 20 20
1
27 33 26 33
1
17 22 16 22
1
20 33 19 33
1
26 33 26 34
1
44 16 45 16
1
26 34 26 35
1
26 21 27 21
1
25 22 26 22
1
16 25 15 25
1
20 20 20 19
1
41 35 41 36
1
22 15 21 15
1
1 7 2 7
1
23 40 24 40
1
16 22 15 22
1
6 14 5 14
1
13 13 13 14
1
35 39 36 39
1
29 28 29 27
1
6 4 5 4
1
26 19 25 19
1
22 16 22 15
1
22 26 22 25
1
35 37 36 37
1
29 33 29 34
1
15 25 15 26
1
26 22 27 22
1
29 34 29 35
1
24 40 23 40
1
19 4 20 4
1
7 41 8 41
1
19 24 20 24
1
15 26 15 27
1
3 4 3 3
1
23 35 22 35
1
5 4 6 4
1
26 35 27 35
1
27 23 26 23
1
18 35 17 35
1
37 13 37 12
1
45 16 46 16
1
19 8 19 7
1
20 24 20 23
1
32 19 33 19
1
28 37 28 38
1
20 23 19 23
1
27 35 27 34
1
36 37 37 37
1
26 46 25 46
1
22 32 21 32
1
27 30 27 31
1
37 37 38 37
1
25 29 26 29
1
29 21 28 21
1
25 5 26 5
1
15 3 16 3
1
18 36 19 36
1
19 32 19 31
1
21 23 21 22
1
6 9 7 9
1
39 31 38 31
1
25 19 25 18
1
15 22 14 22
1
29 14 30 14
1
15 27 15 28
1
21 6 21 7
1
22 25 22 26
1
26 14 26 15
1
28 25 27 25
1
20 4 19 4
1
28 21 28 20
1
31 23 31 24
1
33 20 34 20
1
19 7 19 6
1
7 9 7 8
1
17 4 16 4
1
22 15 23 15
1
36 39 37 39
1
16 43 17 43
1
46 16 45 16
1
21 7 20 7
1
16 3 15 3
1
45 16 45 17
1
21 22 20 22
1
23 15 24 15
1
23 40 23 41
1
28 38 27 38
1
20 22 20 21
1
23 14 24 14
1
19 36 19 37
1
37 39 37 40
1
17 35 17 36
1
26 23 27 23
1
31 24 31 25
1
19 6 20 6
1
34 20 33 20
1
38 31 38 30
1
3 3 2 3
1
45 9 44 9
1
38 30 38 31
1
41 36 42 36
1
26 29 27 29
1
27 24 26 24
1
26 5 26 6
1
20 7 19 7
1
38 37 38 36
1
25 27 26 27
1
17 43 17 44
1
15 28 15 29
1
31 25 30 25
1
23 41 23 40
1
28 20 27 20
1
14 21 15 21
1
30 25 29 25
1
39 7 38 7
1
19 33 19 32
1
30 16 30 17
1
23 20 22 20
1
5 27 5 26
1
33 20 32 20
1
29 25 29 26
1
26 27 25 27
1
26 6 27 6
1
30 17 30 16
1
29 35 28 35
1
32 20 33 20
1
26 15 26 16
1
27 23 26 23
1
2 7 2 6
1
6 4 6 3
1
19 32 19 33
1
22 35 23 35
1
13 14 12 14
1
38 31 38 30
1
27 25 27 26
1
20 21 19 21
1
23 35 22 35
1
29 27 30 27
1
28 35 28 36
1
21 15 21 16
1
36 41 36 40
1
24 15 24 16
1
8 41 7 41
1
27 20 27 19
1
28 36 29 36
1
15 3 16 3
1
24 14 23 14
1
5 14 6 14
1
25 46 24 46
1
19 33 20 33
1
33 19 32 19
1
2 6 2 5
1
29 36 29 37
1
19 21 19 22
1
21 32 21 33
1
37 40 37 39
1
14 22 13 22
1
8 26 9 26
1
16 4 15 4
1
26 41 25 41
1
42 36 41 36
1
13 22 13 21
1
19 23 19 24
1
30 16 30 17
1
23 14 23 15
1
2 3 1 3
1
19 4 19 3
1
25 27 26 27
1
26 27 26 28
1
33 20 33 19
1
27 26 26 26
1
26 23 26 22
1
20 6 20 7
1
17 36 16 36
1
25 18 26 18
1
29 26 29 27
1
15 21 14 21
1
9 3 10 3
1
31 29 30 29
1
27 22 28 22
1
33 23 33 24
1
10 3 11 3
1
27 21 26 21
1
29 37 30 37
1
6 3 6 2
1
33 24 34 24
1
26 28 26 29
1
1 3 1 4
1
28 22 27 22
1
27 6 27 7
1
22 34 21 34
1
27 7 27 6
1
27 34 27 35
1
27 6 27 7
1
2 5 3 5
1
31 38 31 37
1
25 41 25 42
1
19 22 20 22
1
19 24 18 24
1
19 31 19 32
1
37 12 37 11
1
16 3 15 3
1
34 24 34 23
1
26 21 25 21
1
11 3 10 3
1
19 37 20 37
1
27 19 27 18
1
7 41 7 40
1
32 19 32 20
1
22 35 21 35
1
26 24 25 24
1
1 4 1 3
1
21 16 21 17
1
19 3 18 3
1
26 22 26 21
1
38 30 38 29
1
38 7 37 7
1
21 20 20 20
1
3 5 4 5
1
10 3 9 3
1
41 36 41 37
1
18 3 18 4
1
20 22 21 22
1
37 39 38 39
1
15 4 14 4
1
38 39 38 38
1
25 42 26 42
1
24 16 25 16
1
26 42 25 42
1
21 35 22 35
1
9 3 10 3
1
26 18 26 19
1
38 36 37 36
1
30 29 30 28
1
27 29 27 28
1
23 40 24 40
1
45 29 45 30
1
30 14 30 15
1
26 19 27 19
1
38 29 37 29
1
44 9 44 8
1
24 40 23 40
1
41 37 42 37
1
9 26 9 27
1
30 27 31 27
1
30 37 30 36
1
27 28 26 28
1
21 34 22 34
1
21 22 22 22
1
34 23 35 23
1
14 21 14 22
1
27 31 26 31
1
26 21 26 20
1
20 33 20 32
1
9 27 9 26
1
26 29 26 30
1
30 15 30 16
1
25 42 26 42
1
22 26 21 26
1
26 26 26 27
1
17 44 18 44
1
6 2 5 2
1
32 39 32 40
1
26 42 26 41
1
5 2 5 3
1
26 28 25 28
1
18 24 19 24
1
42 37 41 37
1
26 31 25 31
1
27 18 28 18
1
25 16 25 15
1
15 3 14 3
1
22 35 21 35
1
33 19 32 19
1
13 21 14 21
1
14 21 13 21
1
22 20 22 19
1
45 30 45 31
1
20 32 20 31
1
28 18 27 18
1
30 28 30 29
1
7 8 7 9
1
16 36 17 36
1
20 31 21 31
1
36 40 37 40
1
22 19 23 19
1
27 19 27 20
1
14 22 14 21
1
17 36 18 36
1
18 4 18 5
1
44 8 45 8
1
22 34 22 35
1
31 37 30 37
1
27 38 27 39
1
25 24 24 24
1
32 20 32 21
1
1 3 2 3
1
7 9 8 9
1
37 7 38 7
1
27 22 28 22
1
18 44 17 44
1
22 35 22 36
1
27 35 28 35
1
37 29 36 29
1
26 41 26 40
1
22 22 22 23
1
24 46 25 46
1
35 23 36 23
1
21 17 20 17
1
36 23 36 22
1
14 3 15 3
1
6 14 6 15
1
12 14 12 13
1
22 36 21 36
1
15 29 15 30
1
25 46 25 47
1
25 15 24 15
1
25 21 25 22
1
26 30 26 29
1
23 15 23 14
1
28 22 28 23
1
28 23 27 23
1
18 36 18 37
1
25 22 25 23
1
24 24 25 24
1
36 29 36 28
1
6 15 5 15
1
18 5 18 4
1
21 36 20 36
1
9 26 10 26
1
38 38 39 38
1
10 26 9 26
1
30 29 30 30
1
32 19 31 19
1
7 40 6 40
1
31 19 32 19
1
19 7 19 6
1
27 23 26 23
1
25 23 24 23
1
28 35 28 34
1
26 29 26 28
1
21 35 21 34
1
9 26 10 26
1
21 33 22 33
1
28 34 28 35
1
26 28 27 28
1
20 20 19 20
1
4 5 4 4
1
37 11 36 11
1
6 40 6 39
1
25 24 25 25
1
32 21 31 21
1
30 30 29 30
1
45 17 46 17
1
36 11 36 10
1
25 47 26 47
1
17 44 17 45
1
28 35 29 35
1
27 7 27 6
1
15 3 16 3
1
36 10 37 10
1
32 40 33 40
1
8 9 8 10
1
36 22 36 23
1
21 34 22 34
1
33 40 32 40
1
20 19 20 20
1
12 13 11 13
1
46 17 46 18
1
5 3 6 3
1
16 3 15 3
1
19 6 19 5
1
36 23 37 23
1
19 32 19 31
1
27 28 27 27
1
5 15 4 15
1
36 28 36 29
1
19 31 19 32
1
20 17 20 16
1
41 37 41 38
1
23 19 22 19
1
26 40 26 41
1
32 19 33 19
1
26 23 25 23
1
22 23 21 23
1
26 20 26 21
1
19 20 19 19
1
14 4 14 3
1
45 31 45 32
1
18 37 19 37
1
36 29 37 29
1
27 27 27 28
1
29 30 28 30
1
24 23 23 23
1
6 3 6 2
1
4 4 3 4
1
23 14 22 14
1
8 10 8 9
1
4 15 5 15
1
30 17 30 18
1
23 23 23 22
1
3 4 2 4
1
5 26 5 25
1
11 13 11 14
1
26 16 26 15
1
29 35 28 35
1
28 35 28 36
1
11 14 12 14
1
20 36 19 36
1
22 14 22 13
1
23 22 22 22
1
22 33 23 33
1
30 18 30 19
1
19 37 19 38
1
45 8 46 8
1
8 9 8 8
1
27 39 27 38
1
20 37 21 37
1
23 40 24 40
1
26 21 26 20
1
33 19 33 20
1
25 23 25 24
1
27 6 27 7
1
14 21 14 22
1
30 37 30 38
1
27 18 27 19
1
21 37 21 38
1
37 23 37 22
1
37 22 38 22
1
20 7 21 7
1
12 14 12 15
1
25 31 25 32
1
27 7 28 7
1
30 38 29 38
1
30 16 30 15
1
21 7 21 6
1
14 22 15 22
1
10 26 10 25
1
22 13 22 12
1
37 36 38 36
1
19 36 19 35
1
26 41 26 42
1
8 8 8 9
1
24 40 24 39
1
31 21 31 20
1
19 38 18 38
1
8 9 7 9
1
23 33 22 33
1
31 27 30 27
1
30 36 31 36
1
5 25 5 26
1
30 27 31 27
1
27 38 27 39
1
21 23 22 23
1
19 35 19 34
1
15 30 14 30
1
22 23 21 23
1
15 3 15 4
1
2 3 2 2
1
27 20 28 20
1
31 36 31 35
1
19 24 19 25
1
6 39 6 38
1
26 15 27 15
1
30 19 30 20
1
37 10 36 10
1
46 18 46 19
1
28 36 28 37
1
21 26 22 26
1
46 8 46 9
1
38 22 39 22
1
31 27 31 28
1
2 4 1 4
1
46 19 47 19
1
38 36 39 36
1
21 31 21 32
1
14 3 15 3
1
28 37 28 38
1
37 40 37 41
1
37 29 37 30
1
27 19 27 20
1
22 33 21 33
1
18 4 19 4
1
21 23 21 24
1
31 28 31 29
1
21 32 22 32
1
20 20 19 20
1
31 20 31 21
1
14 30 13 30
1
19 5 19 6
1
25 24 25 23
1
33 20 33 19
1
19 32 19 33
1
31 35 30 35
1
12 15 11 15
1
20 16 20 15
1
37 41 36 41
1
18 38 17 38
1
25 28 26 28
1
28 20 28 19
1
38 7 38 8
1
15 3 16 3
1
5 26 5 27
1
19 25 20 25
1
30 15 30 14
1
19 19 19 18
1
22 34 22 33
1
29 27 29 26
1
19 33 19 32
1
29 26 29 25
1
28 7 28 6
1
25 32 26 32
1
30 35 29 35
1
39 38 39 39
1
22 32 21 32
1
41 38 42 38
1
19 6 20 6
1
15 22 15 21
1
19 4 18 4
1
42 38 41 38
1
22 19 23 19
1
47 19 46 19
1
28 38 28 39
1
5 15 5 16
1
27 39 26 39
1
21 32 22 32
1
22 22 21 22
1
13 30 12 30
1
1 4 1 3
1
46 9 46 10
1
31 21 31 20
1
37 30 37 31
1
20 25 20 26
1
21 33 21 32
1
24 15 25 15
1
26 28 26 29
1
10 25 11 25
1
24 39 24 40
1
28 39 27 39
1
29 35 29 34
1
22 12 23 12
1
32 40 33 40
1
28 6 29 6
1
26 47 27 47
1
6 2 6 1
1
27 20 28 20
1
27 47 28 47
1
29 6 29 5
1
25 15 25 14
1
17 45 17 46
1
39 22 39 23
1
11 25 11 24
1
6 1 6 2
1
6 2 5 2
1
29 34 28 34
1
21 6 22 6
1
21 32 20 32
1
22 26 21 26
1
27 15 27 16
1
26 42 26 41
1
11 15 10 15
1
26 20 27 20
1
31 20 32 20
1
28 34 28 35
1
19 18 19 17
1
11 24 10 24
1
15 4 16 4
1
17 38 17 39
1
10 24 11 24
1
28 20 28 21
1
39 39 38 39
1
10 3 9 3
1
20 32 20 33
1
28 21 27 21
1
21 22 22 22
1
15 21 14 21
1
20 33 21 33
1
11 24 11 25
1
28 19 28 20
1
6 38 5 38
1
19 17 20 17
1
27 20 27 19
1
25 23 25 22
1
41 38 42 38
1
33 40 34 40
1
27 28 26 28
1
19 20 18 20
1
20 17 19 17
1
22 33 23 33
1
42 38 42 37
1
21 33 21 32
1
7 9 7 8
1
30 14 30 13
1
19 32 19 33
1
26 29 26 30
1
17 46 18 46
1
18 46 18 45
1
33 19 34 19
1
19 33 20 33
1
20 6 21 6
1
17 39 18 39
1
18 4 17 4
1
18 20 18 19
1
27 39 28 39
1
25 25 25 24
1
29 25 29 26
1
26 32 25 32
1
34 19 33 19
1
26 41 26 40
1
18 39 18 40
1
13 21 12 21
1
26 40 26 41
1
27 19 26 19
1
26 28 25 28
1
28 35 28 36
1
28 47 29 47
1
12 30 13 30
1
38 39 37 39
1
18 19 18 20
1
46 10 47 10
1
11 25 11 26
1
25 32 25 33
1
32 20 33 20
1
13 30 13 29
1
31 29 32 29
1
10 10 10 11
1
9 3 9 2
1
18 45 18 44
1
23 19 24 19
1
29 5 30 5
1
27 21 28 21
1
26 27 26 28
1
22 32 22 31
1
39 36 39 35
1
17 4 18 4
1
21 32 21 31
1
10 11 10 12
1
21 26 22 26
1
5 27 4 27
1
10 12 10 13
1
21 31 21 32
1
26 19 27 19
1
46 19 45 19
1
30 13 30 14
1
28 20 28 19
1
22 6 23 6
1
30 20 29 20
1
23 33 23 32
1
32 29 31 29
1
26 28 26 27
1
23 12 23 11
1
38 8 38 7
1
37 31 38 31
1
18 44 18 45
1
28 30 27 30
1
29 38 29 37
1
39 35 40 35
1
10 15 9 15
1
29 20 30 20
1
30 20 30 21
1
21 38 20 38
1
23 11 23 10
1
16 4 17 4
1
38 31 38 32
1
32 36 32 35
1
21 6 21 5
1
18 40 18 39
1
42 37 42 38
1
20 38 21 38
1
33 19 34 19
1
25 22 25 21
1
20 33 20 32
1
28 21 28 20
1
36 41 35 41
1
26 41 26 42
1
18 39 17 39
1
45 19 44 19
1
21 24 20 24
1
47 10 47 11
1
9 15 9 16
1
33 20 34 20
1
25 14 24 14
1
19 34 19 33
1
34 40 34 41
1
27 16 28 16
1
28 20 29 20
1
26 30 26 29
1
38 32 39 32
1
11 26 11 25
1
47 11 46 11
1
42 38 42 39
1
26 42 26 41
1
35 41 35 42
1
21 5 22 5
1
30 5 30 4
1
30 14 30 15
1
24 40 24 39
1
2 2 3 2
1
9 2 10 2
1
29 37 30 37
1
10 13 9 13
1
20 32 20 33
1
24 39 23 39
1
18 4 18 3
1
39 32 38 32
1
3 2 3 1
1
11 25 10 25
1
31 29 32 29
1
34 41 33 41
1
10 25 10 26
1
37 39 37 40
1
28 39 28 38
1
29 47 29 46
1
19 33 19 32
1
19 32 20 32
1
26 29 27 29
1
9 16 8 16
1
5 38 5 37
1
28 19 29 19
1
45 32 45 33
1
25 33 24 33
1
30 21 30 22
1
29 20 28 20
1
21 32 21 33
1
20 32 19 32
1
26 27 25 27
1
16 3 15 3
1
20 24 21 24
1
30 37 29 37
1
18 20 18 19
1
28 16 28 15
1
28 20 28 21
1
10 2 11 2
1
23 32 23 31
1
22 26 21 26
1
45 33 45 32
1
33 41 34 41
1
38 32 39 32
1
19 32 19 33
1
5 2 4 2
1
24 14 24 15
1
29 46 30 46
1
22 22 21 22
1
30 22 30 21
1
35 42 34 42
1
34 42 35 42
1
21 22 22 22
1
9 13 9 12
1
42 39 43 39
1
27 19 26 19
1
27 29 26 29
1
40 35 40 36
1
28 38 29 38
1
25 21 25 20
1
17 39 17 40
1
44 19 45 19
1
19 17 19 16
1
29 26 29 27
1
8 16 9 16
1
26 19 25 19
1
18 45 18 44
1
28 21 28 22
1
5 37 5 38
1
10 26 11 26
1
30 4 31 4
1
18 44 19 44
1
29 27 29 26
1
34 20 33 20
1
29 38 28 38
1
28 15 28 16
1
21 33 21 34
1
7 8 7 7
1
37 40 37 39
1
24 33 23 33
1
18 19 17 19
1
17 19 18 19
1
26 39 25 39
1
28 36 27 36
1
30 15 30 14
1
30 14 30 15
1
25 20 25 21
1
22 31 22 30
1
32 29 33 29
1
11 2 11 1
1
9 12 9 11
1
25 19 26 19
1
7 7 7 6
1
28 38 29 38
1
14 21 13 21
1
23 31 24 31
1
39 23 40 23
1
1 3 2 3
1
18 19 18 18
1
25 21 25 20
1
3 1 3 2
1
33 20 32 20
1
19 44 19 45
1
20 33 20 32
1
40 23 39 23
1
21 34 21 35
1
21 38 21 39
1
12 21 12 20
1
33 29 32 29
1
32 29 31 29
1
22 30 22 31
1
23 39 22 39
1
30 46 30 47
1
15 3 15 4
1
23 6 24 6
1
17 4 17 5
1
30 15 30 14
1
30 47 30 46
1
9 16 10 16
1
34 19 33 19
1
35 42 35 43
1
38 7 38 6
1
4 27 3 27
1
26 29 26 30
1
19 33 19 32
1
4 2 4 3
1
11 1 11 2
1
23 10 24 10
1
21 24 22 24
1
5 38 5 39
1
13 29 13 28
1
26 30 26 29
1
22 24 23 24
1
20 15 20 14
1
29 37 30 37
1
33 19 32 19
1
13 28 13 27
1
25 27 24 27
1
12 20 11 20
1
17 5 18 5
1
39 23 39 22
1
19 45 19 44
1
22 5 21 5
1
30 14 29 14
1
32 19 31 19
1
24 19 23 19
1
27 36 26 36
1
29 38 30 38
1
11 20 11 21
1
39 22 40 22
1
29 14 28 14
1
23 33 22 33
1
19 32 19 31
1
11 26 11 25
1
24 10 23 10
1
28 16 28 15
1
25 24 26 24
1
30 46 30 45
1
13 21 13 22
1
18 18 18 19
1
32 20 33 20
1
45 32 45 31
1
31 19 32 19
1
28 14 27 14
1
18 5 18 4
1
19 31 19 32
1
25 39 24 39
1
37 39 37 40
1
22 39 23 39
1
27 30 26 30
1
26 19 26 18
1
20 26 20 27
1
26 29 27 29
1
24 6 24 7
1
20 27 21 27
1
24 27 24 28
1
23 39 23 40
1
13 27 13 26
1
45 31 45 30
1
2 3 2 4
1
20 32 21 32
1
13 22 12 22
1
7 6 6 6
1
5 16 4 16
1
13 26 13 25
1
11 21 12 21
1
43 39 43 40
1
37 40 37 39
1
11 2 12 2
1
34 41 35 41
1
22 33 23 33
1
18 4 19 4
1
23 19 22 19
1
24 7 24 8
1
26 41 26 40
1
22 22 23 22
1
30 45 30 44
1
19 44 19 45
1
27 29 27 30
1
26 30 26 29
1
11 25 11 24
1
27 30 27 31
1
45 19 45 18
1
40 22 40 21
1
26 24 26 25
1
27 31 26 31
1
24 39 25 39
1
20 14 20 13
1
9 11 10 11
1
23 10 23 9
1
21 32 21 31
1
23 40 24 40
1
5 39 6 39
1
24 40 23 40
1
23 40 22 40
1
19 32 19 31
1
29 19 30 19
1
40 21 41 21
1
27 14 27 13
1
19 4 19 3
1
21 39 21 38
1
43 40 42 40
1
15 4 14 4
1
32 19 32 20
1
21 26 22 26
1
19 3 20 3
1
26 40 26 41
1
21 31 21 32
1
20 13 20 14
1
23 33 23 34
1
35 41 35 42
1
21 5 22 5
1
26 41 25 41
1
23 24 23 25
1
24 8 24 7
1
12 21 11 21
1
30 21 29 21
1
18 3 17 3
1
31 4 31 3
1
24 31 23 31
1
19 45 19 46
1
20 14 21 14
1
40 36 39 36
1
21 38 20 38
1
37 39 37 40
1
19 31 20 31
1
32 20 31 20
1
6 39 5 39
1
21 32 21 33
1
24 15 23 15
1
22 5 22 6
1
45 18 45 19
1
20 38 21 38
1
25 41 25 40
1
31 29 30 29
1
11 24 12 24
1
12 2 13 2
1
26 31 26 30
1
26 18 25 18
1
21 38 21 39
1
23 34 23 33
1
39 36 38 36
1
23 31 23 30
1
25 39 24 39
1
22 26 22 27
1
13 25 12 25
1
25 40 25 39
1
21 33 21 32
1
12 24 12 23
1
29 26 29 25
1
38 6 37 6
1
4 3 5 3
1
23 22 23 23
1
41 21 40 21
1
11 21 10 21
1
28 22 27 22
1
26 25 26 24
1
29 25 29 24
1
25 20 24 20
1
38 36 37 36
1
19 46 20 46
1
28 15 28 14
1
6 6 6 7
1
22 40 22 41
1
28 14 27 14
1
31 3 32 3
1
10 11 10 12
1
46 11 45 11
1
14 4 14 3
1
10 16 9 16
1
20 3 20 4
1
10 21 10 22
1
24 28 24 27
1
22 6 23 6
1
26 29 27 29
1
13 2 12 2
1
30 19 30 18
1
23 15 23 14
1
18 19 18 20
1
2 4 1 4
1
17 3 17 4
1
21 14 21 13
1
24 20 23 20
1
10 22 10 21
1
18 20 18 19
1
20 31 20 30
1
23 6 23 5
1
29 21 29 22
1
12 25 13 25
1
17 4 17 5
1
30 44 30 45
1
20 4 20 5
1
42 40 42 41
1
23 33 23 32
1
21 27 21 28
1
17 40 16 40
1
32 3 31 3
1
23 20 24 20
1
12 22 12 21
1
29 22 29 21
1
39 32 39 33
1
3 2 2 2
1
33 20 33 19
1
37 36 38 36
1
22 27 23 27
1
2 2 3 2
1
25 18 24 18
1
31 3 31 4
1
21 35 21 34
1
26 24 25 24
1
35 43 34 43
1
10 12 10 11
1
20 30 20 29
1
37 6 36 6
1
34 43 34 42
1
20 46 21 46
1
6 7 5 7
1
40 21 40 20
1
30 37 30 36
1
23 9 22 9
1
36 6 36 5
1
10 11 11 11
1
45 30 45 31
1
21 46 21 47
1
24 7 23 7
1
1 4 2 4
1
24 20 25 20
1
5 7 4 7
1
23 7 23 8
1
38 36 37 36
1
12 2 11 2
1
22 19 23 19
1
21 28 21 29
1
29 24 29 25
1
40 20 39 20
1
23 19 22 19
1
21 39 21 38
1
22 31 22 30
1
30 18 29 18
1
23 25 23 26
1
45 31 46 31
1
24 27 24 26
1
22 41 21 41
1
34 42 34 43
1
3 27 3 28
1
3 2 3 3
1
27 22 28 22
1
39 20 38 20
1
29 25 30 25
1
37 40 38 40
1
27 13 26 13
1
3 28 3 29
1
10 21 11 21
1
30 45 31 45
1
30 38 30 37
1
22 30 22 31
1
20 29 20 28
1
26 30 26 29
1
45 11 44 11
1
36 10 37 10
1
23 8 22 8
1
25 24 24 24
1
29 18 30 18
1
30 18 30 19
1
21 47 22 47
1
21 41 21 42
1
12 23 13 23
1
3 29 4 29
1
25 20 24 20
1
24 26 25 26
1
22 9 21 9
1
39 33 38 33
1
11 21 10 21
1
46 31 46 32
1
37 10 37 11
1
37 11 37 12
1
32 35 32 36
1
25 26 24 26
1
22 8 22 7
