298 550 686 702
451 30 379 84
427 652 666 519
552 461 225 332
596 588 282 687
677 624 478 156
231 123 281 617
251 737 359 39
629 705 184 163
624 562 259 268
523 555 635 213
652 749 467 541
253 387 231 196
137 764 53 324
165 590 360 480
154 598 337 681
340 53 489 576
246 198 193 89
347 262 646 40
409 732 466 515
608 30 312 693
267 347 107 672
513 56 688 663
284 360 420 95
516 447 327 547
307 307 574 338
188 489 411 86
509 548 705 529
240 222 540 20
614 174 669 713
388 392 695 685
374 707 331 251
542 617 384 463
297 83 144 705
192 377 346 418
673 457 322 431
124 557 159 573
259 162 638 616
352 269 213 445
495 178 317 342
157 515 360 334
421 609 433 566
703 205 695 285
670 171 282 702
674 630 170 433
589 397 267 674
608 23 522 432
710 189 564 663
701 119 432 643
648 423 430 699
562 454 751 321
435 59 159 427
170 178 466 412
347 404 369 137
238 514 443 410
135 735 149 30
419 56 707 232
642 339 545 599
640 278 323 71
647 291 652 379
629 170 409 472
248 500 336 2
632 520 60 458
560 490 561 753
271 651 551 85
245 400 640 75
686 674 82 679
529 337 245 637
480 261 256 273
560 259 346 479
285 595 241 252
650 596 290 727
639 465 526 165
482 613 278 524
164 363 673 181
61 649 160 40
57 653 186 216
554 576 504 372
49 510 605 591
145 489 623 704
280 530 686 352
367 46 128 397
643 58 391 169
215 109 400 208
719 130 257 437
297 67 278 590
82 268 379 249
242 144 364 207
663 597 570 318
227 602 662 135
420 571 367 701
645 10 496 469
395 707 634 298
57 441 162 606
358 335 502 204
229 254 582 349
603 499 563 339
308 169 625 532
306 279 202 631
252 215 160 104