44 40 13 21
12 2 40 25
43 24 9 41
13 1 41 34
9 1 40 29
47 38 6 28
14 2 40 33
46 8 24 47
3 17 43 29
3 19 41 32
10 40 44 16
42 11 24 46
12 22 44 44
26 46 18 3
35 2 5 37
44 46 8 26
10 10 35 46
42 2 33 45
27 47 3 4
2 43 36 12
28 47 7 14
40 7 12 31
3 35 47 9
35 11 8 41
13 30 47 8
29 45 20 3
3 35 46 1
26 42 10 4
42 44 3 13
7 35 29 3
47 13 10 33
43 12 9 47
39 13 19 47
47 39 6 18
47 36 4 1
7 26 47 44
36 1 10 27
47 36 7 2
12 7 43 42
23 2 1 43
32 42 8 13
45 46 9 15
12 16 45 40
36 3 28 47
1 43 22 8
41 44 13 15
4 47 35 13
3 7 47 44
34 3 8 27
35 3 24 44
46 42 2 12
6 7 41 40
8 3 37 38
40 39 24 2
21 5 41 46
46 16 12 43
20 40 7 2
8 4 35 27
3 13 34 39
6 11 36 33
42 35 3 8
9 1 42 27
1 7 40 36
45 16 6 36
37 2 5 43
3 35 33 6
5 27 42 42
4 21 45 39
8 33 46 11
7 41 40 15
42 40 22 9
47 9 1 35
43 21 13 1
18 36 39 3
2 39 47 3
6 22 35 46
33 39 7 7
26 4 4 44
46 11 8 39
27 45 36 2
47 6 7 32
38 18 3 47
18 43 28 3
12 4 35 40
1 43 47 24
25 39 2 8
42 41 10 16
46 1 6 21
26 4 41 43
46 18 1 45
11 22 47 37
47 25 11 43
38 5 16 37
11 46 21 6
24 45 39 1
1 25 40 3
4 16 36 47
42 20 7 39
8 46 47 11
31 6 3 43
9 41 25 7
20 44 45 14
47 42 20 4
6 29 47 38
10 8 43 44
46 43 12 17
1 42 29 9
41 44 16 13
40 32 11 1
29 42 11 10
45 1 13 24
23 47 5 2
47 36 14 15
8 45 35 8
21 46 2 9
43 46 11 8
2 34 41 1
14 45 45 20
14 3 27 45
43 36 5 2
2 29 45 47
43 17 10 46
2 6 23 45
7 10 27 44
40 5 2 19
20 10 46 40
34 2 13 35
12 42 35 9
42 12 7 43
11 17 40 44
6 24 39 6
45 45 19 4
14 18 44 39
10 38 44 7
39 39 9 15
10 35 43 10
29 7 46 46
27 46 40 7
12 2 3 45
45 25 8 6
21 4 38 43
5 2 29 31
13 3 38 32
23 43 45 14
9 35 44 15
35 37 19 2
11 11 44 41
36 6 10 41
16 45 37 6
11 11 37 45
47 44 2 37
2 25 41 38
33 29 4 2
45 20 10 42
42 39 6 20
43 2 7 31
8 1 18 42
10 1 36 42
21 3 1 39
10 32 47 5
36 19 1 39
31 5 1 43
44 38 7 12
44 24 11 7
45 9 5 26
1 11 37 45
2 10 43 28
24 4 42 45
26 46 40 8
40 4 6 33
2 10 45 40
19 44 38 10
30 4 16 46
35 17 2 40
25 43 7 11
4 18 43 39
5 12 35 42
13 8 37 35
5 7 42 34
35 39 14 4
12 27 44 4
5 10 36 43
41 47 14 2
47 43 13 18
38 39 14 1
1 8 22 47
1 3 40 43
37 44 2 9
5 29 42 7
4 30 42 10
23 5 1 36
4 44 37 15
5 43 36 24
2 6 43 28
2 3 24 45
19 46 34 9
12 33 36 4
2 38 21 5
7 8 39 31
4 27 45 40
39 42 11 12
46 41 7 7
1 11 41 46
4 16 38 33
42 44 9 13
18 7 39 37
41 47 13 4
7 16 40 39
39 47 9 4
45 21 1 45
6 42 45 10
1 5 35 44
29 34 5 2
21 41 3 1
35 5 20 40
4 47 42 14
5 46 40 3
46 43 19 3
1 44 34 23
28 7 14 43
4 44 25 9
7 14 35 45
1 11 29 46
44 13 3 44
25 3 45 41
27 9 3 47
30 41 1 9
39 4 1 19
17 3 46 42
26 33 3 2
47 12 4 40
46 23 3 1
46 38 9 7
4 14 36 40
30 46 16 4
7 13 46 40
5 15 46 37
38 34 3 14
4 7 37 31
2 45 14 3
37 44 14 13
45 2 19 32
7 47 21 4
13 12 46 46
45 5 26 39
10 12 35 46
26 7 46 47
6 47 23 5
7 34 33 7
7 43 47 24
44 47 5 16
15 3 27 45
2 39 41 25
35 2 28 47
43 5 22 37
45 21 3 38
6 47 43 4
1 39 33 5
3 29 43 46
46 34 9 7
10 41 39 6
12 19 47 37
3 33 44 5
41 10 12 38
8 1 44 46
37 9 12 44
43 11 3 28
14 1 42 23
14 12 40 38
30 44 10 5
36 38 9 13
39 10 19 40
37 44 14 13
6 17 41 32
47 3 13 25
14 44 46 7
44 17 8 38
15 45 42 20
8 19 41 44
6 43 43 22
7 15 46 38
7 13 43 41
45 9 19 46
1 39 43 10
4 9 41 33
32 44 4 7
39 7 10 31
8 26 44 12
33 46 15 4
36 2 11 31
10 3 36 42
47 44 8 12
6 31 43 11
5 46 27 17
4 20 39 2
9 43 44 4
23 3 7 37
4 46 29 11
29 34 7 2
5 44 41 28
11 5 37 29
24 47 5 11
3 44 30 17
34 44 2 5
37 10 17 45
31 3 18 42
38 45 20 11
5 42 47 19
21 47 2 3
44 39 13 2
46 17 2 44
5 13 44 38
43 41 23 10
42 14 6 31
38 24 7 1
5 4 31 36
4 16 36 39
5 24 42 41
27 3 2 46
38 4 22 42
44 38 7 9
13 39 45 14
10 40 33 4
37 14 9 36
27 13 7 44
41 37 24 4
6 46 43 32
41 10 2 34
6 44 41 22
47 46 8 9
7 13 38 38
8 35 42 2
47 11 1 37
12 43 47 12
41 21 13 44
3 32 46 41
45 7 23 45
9 13 30 44
47 40 10 12
42 17 3 28
40 4 12 30
40 46 25 9
42 41 13 8
11 11 39 47
43 23 6 44
29 45 5 15
32 5 12 35
35 19 2 37
35 45 3 20
47 4 2 19
1 39 30 1
6 14 45 35
29 10 2 38
6 27 40 7
33 6 44 46
44 41 28 3
45 8 16 42
9 30 44 4
11 45 32 5
42 17 6 32
20 9 1 40
13 37 38 9
29 3 3 44
26 7 38 46
22 47 46 17
20 5 39 37
10 42 32 7
44 3 5 18
9 12 37 37
39 11 16 44
16 42 42 3
40 8 9 44
39 23 1 36
25 1 1 46
47 4 6 15
23 1 29 46
5 36 45 14
41 42 16 13
13 43 42 22
42 15 8 40
1 35 36 17
20 22 46 47
45 24 8 37
27 3 15 44
8 21 46 5
9 6 46 23
37 36 2 20
32 43 24 1
47 40 26 8
2 4 37 35
2 44 44 20
4 2 42 14
46 46 14 13
29 42 11 4
30 47 8 10
36 34 5 3
5 8 41 36
39 4 22 42
45 46 25 8
45 23 3 33
10 2 29 35
38 40 8 17
24 40 42 8
29 4 10 42
43 12 1 23
39 28 1 44
45 31 7 4
35 25 6 1
36 3 18 40
21 7 40 40
38 9 19 45
46 34 5 15
40 24 4 5
40 9 7 30
47 11 29 47
14 32 45 12
46 33 10 7
43 43 5 7
38 12 2 37
38 42 13 12
24 7 3 40
12 37 43 17
36 13 2 40
40 36 12 9
4 5 32 44
4 32 33 10
7 10 31 46
43 36 19 9
25 40 42 2
36 43 3 10
22 6 46 39
39 4 9 35
38 6 20 38
3 1 35 36
3 38 31 12
7 40 35 17
47 4 9 40
1 42 29 6
43 22 4 2
5 39 32 10
3 45 11 2
45 36 7 15
3 47 29 9
45 8 20 39
5 7 19 47
11 13 42 38
42 33 7 11
19 47 46 12
42 29 8 12
8 8 39 47
40 9 20 39
43 24 2 44
46 32 18 6
27 4 10 47
37 42 5 19
19 47 12 2
5 4 43 47
11 4 38 27
35 45 16 13
8 2 19 42
46 30 8 11
47 36 9 15
43 8 23 45
47 41 4 26
4 32 44 13
45 2 24 38
1 46 44 13
12 21 41 44
8 46 31 10
43 39 1 9
38 14 9 46
22 6 47 37
35 3 9 42
21 13 46 44
40 47 13 15
37 45 47 3
3 39 45 7
46 32 4 1
37 47 5 29
39 35 1 9
31 5 18 46
39 1 17 43
30 4 10 39
27 6 12 42
22 39 7 2
43 3 30 46
3 1 37 47
46 16 6 35
2 24 30 1
24 4 45 47
8 13 35 38
4 43 40 16
44 41 5 5
29 38 8 6
46 23 2 41
39 14 13 45
9 40 23 4
1 5 47 13
1 25 46 37
10 9 43 28
46 46 25 8
43 33 13 6
45 38 5 8
46 14 3 1
3 2 27 44
7 3 31 35
23 47 39 2
42 27 1 13
4 30 43 17
40 37 6 3
42 8 5 29
41 42 3 6
10 1 38 25
36 7 10 43
13 15 47 38
5 37 35 5
45 31 12 2
11 2 45 36
31 4 3 40
7 5 36 28
2 37 27 11
36 2 14 44
15 25 45 1
45 20 9 34
9 1 46 45
15 46 43 9
9 16 46 39
5 36 30 8
24 4 4 36
46 3 4 20
18 12 40 44
46 15 5 43
7 34 42 17
13 3 29 39
20 2 45 42
17 23 47 45
21 10 4 46
43 34 14 7
13 41 45 22
45 44 3 5
43 7 9 39
46 40 3 23
41 4 6 33
19 41 44 15
43 18 4 29
26 46 3 1
40 45 3 17
46 30 9 43
6 24 47 5
36 11 10 35
46 35 10 19
23 3 46 37
3 43 44 34
3 34 34 14
36 11 15 41
2 12 23 46
8 3 43 44
41 2 8 39
36 26 2 7
7 47 44 19
9 16 47 39
41 47 2 8
41 43 15 8
45 32 19 5
12 42 42 6
36 16 1 39
7 1 38 38
27 37 1 5
26 42 14 1
44 23 8 44
44 28 6 5
10 5 38 43
1 35 42 4
45 26 8 41
38 10 4 35
41 16 19 46
8 1 25 43
44 15 4 40
22 7 43 41
45 28 4 11
10 35 35 2
45 13 5 43
7 3 46 19
21 13 2 46
10 3 41 35
45 40 6 21
6 34 42 17
13 38 33 6
22 12 45 43
40 45 8 13
13 31 42 1
6 2 26 33
1 39 44 32
19 3 4 47
47 40 9 28
4 6 41 45
32 44 13 3
7 17 37 43
38 32 5 10
24 44 5 12
37 35 1 11
47 5 19 37
40 40 6 5
29 6 8 39
8 1 29 39
2 25 47 46
42 2 3 36
33 41 13 1
6 46 26 5
47 4 30 46
31 3 17 42
3 12 26 45
46 2 6 40
44 19 6 38
8 44 29 12
37 35 4 6
5 38 32 12
37 47 20 8
34 36 11 8
26 47 3 14
8 1 25 42
36 43 10 2
35 47 30 2
27 4 1 45
44 20 7 39
8 8 43 34
7 16 28 47
21 40 44 1
5 36 44 47
16 35 38 7
44 24 4 45
40 46 14 7
44 6 8 45
7 46 30 9
46 32 3 21
20 2 40 46
11 39 33 11
10 44 27 5
46 23 10 42
44 26 7 12
11 9 34 43
29 3 11 37
46 35 13 8
41 19 7 43
38 13 12 41
20 45 10 4
39 9 4 25
5 6 21 42
3 5 46 36
10 33 32 3
39 1 33 45
43 14 5 42
3 15 30 39
35 28 1 9
30 6 2 41
39 16 4 31
45 37 2 6
46 5 18 29
30 9 9 38
44 11 2 34
42 33 2 9
14 4 40 47
47 36 9 15
16 26 46 1
45 10 13 30
11 19 39 47
46 41 5 20
8 7 37 40
5 37 46 25
40 1 46 47
23 47 45 19
41 17 20 46
8 34 41 17
22 5 1 39
35 44 14 9
37 4 4 27
47 6 23 42
25 7 3 41
33 46 46 6
42 45 8 2
4 42 43 10
43 18 3 2
44 8 8 45
43 32 3 13
43 6 3 34
37 25 9 3
45 36 6 16
40 33 15 8
38 30 1 4
23 45 3 2
45 14 10 45
1 7 25 47
9 44 35 7
21 7 45 36
3 45 30 21
11 10 43 37
2 45 32 11
43 39 22 5
1 13 34 44
4 13 43 29
1 30 45 7
40 8 5 32
2 14 41 38
13 7 34 42
1 5 19 38
37 1 20 34
13 6 29 43
1 10 46 47
1 43 40 16
39 17 4 46
18 40 42 4
42 43 7 17
41 3 23 45
13 43 45 17
39 12 3 32
3 46 38 24
37 43 14 6
43 1 6 33
3 11 26 44
41 32 2 7
12 45 42 23
39 7 18 43
12 24 45 6
27 32 1 5
14 47 37 1
43 26 5 44
28 13 4 44
4 45 15 4
37 18 12 46
41 5 8 38
11 19 40 47
16 7 44 47
5 7 46 16
13 39 39 7
43 21 13 44
42 42 8 4
44 34 8 15
23 33 47 5
34 9 3 28
15 44 36 1
40 8 24 46
45 47 1 4
13 44 39 3
12 2 46 19
46 36 9 19
1 38 36 20
20 4 28 46
38 8 10 44
3 25 38 5
13 39 42 14
40 45 5 20
8 44 40 6
46 8 4 38
21 4 44 47
5 35 34 13
13 5 43 43
10 5 26 39
3 45 30 7
3 44 45 16
26 8 3 40
46 33 20 3
43 45 7 16
31 3 2 39
28 42 39 1
20 45 45 10
14 7 42 38
1 40 33 5
35 40 21 2
6 38 41 8
37 47 5 5
34 12 9 39
5 44 33 13
8 6 45 46
37 20 10 45
2 2 44 27
36 2 5 37
2 20 31 46
46 5 21 47
7 7 47 25
1 38 24 8
9 27 47 46
16 8 40 36
45 8 18 37
43 11 25 45
26 39 10 4
3 23 37 39
40 6 2 40
14 46 37 7
42 37 14 11
45 20 10 5
12 46 1 4
1 42 45 17
12 39 41 10
47 5 6 46
37 45 16 11
7 21 42 44
42 12 12 41
43 1 11 21
37 6 19 38
40 45 14 21
14 5 43 33
4 1 38 20
7 35 40 13
8 27 40 47
9 45 27 5
45 38 3 10
35 46 46 5
31 7 46 44
10 11 38 47
40 30 8 8
1 40 25 4
29 12 13 46
10 23 41 44
7 39 44 14
30 42 5 7
39 24 1 10
36 38 4 14
3 24 35 5
3 46 38 15
28 40 8 9
37 36 1 7
22 44 12 2
10 2 41 43
38 7 9 45
6 3 19 46
3 46 33 24
7 40 33 9
16 6 33 46
20 8 1 42
19 35 42 7
1 12 44 37
9 17 41 36
35 43 1 4
44 1 16 24
44 13 4 46
6 22 39 3
33 22 2 44
44 37 20 8
35 38 11 8
37 13 5 47
10 25 45 10
31 6 2 29
29 5 13 44
43 7 11 45
34 46 6 20
44 47 10 7
38 27 1 14
30 3 11 46
40 1 6 18
36 16 4 36
11 44 42 11
38 8 15 39
43 4 4 21
7 3 33 35
18 8 46 43
44 43 19 13
44 10 21 45
36 4 44 47
44 42 9 26
30 2 8 40
3 13 45 40
6 39 31 6
3 8 26 39
10 33 39 5
24 1 41 40
29 34 1 11
16 4 35 35
43 44 5 1
35 2 8 30
5 14 43 31
39 18 2 34
16 42 46 18
31 19 2 42
8 37 38 4
7 18 46 34
8 45 42 6
34 38 4 11
5 18 44 36
47 45 7 18
25 5 35 45
4 35 41 12
6 39 45 22
41 6 4 39
5 36 38 5
45 39 22 9
46 17 9 33
26 8 1 41
9 18 47 41
31 38 2 8
45 11 25 46
11 7 29 40
42 8 18 41
37 18 2 44
33 3 46 44
36 43 7 15
32 11 7 40
24 1 7 45
39 2 3 45
43 7 4 37
5 42 25 3
45 45 10 18
5 1 31 25
2 30 45 21
15 12 42 35
9 16 45 33
4 45 44 23
43 13 4 31
5 24 46 45
6 24 45 3
16 46 30 5
41 28 7 2
46 46 6 17
4 8 22 45
41 27 4 45
35 6 7 39
42 2 30 42
11 45 45 5
4 41 32 3
1 41 45 29
1 3 32 41
45 46 7 13
46 9 30 46
3 47 40 19
45 29 4 44
44 45 9 15
6 44 41 26
38 11 8 36
12 43 41 18
40 7 7 47
42 37 8 4
43 44 8 2
47 44 8 6
30 7 6 34
14 14 33 45
3 38 42 4
41 31 11 7
5 7 26 40
28 12 1 40
41 21 15 46
35 39 2 18
3 15 40 35
40 1 6 30
40 43 3 3
32 43 9 8
13 47 41 18
38 43 11 17
12 8 43 47
46 16 5 27
30 40 4 16
37 24 8 2
40 32 1 6
23 44 43 10
46 30 1 25
17 42 41 12
23 45 45 3
30 46 5 2
17 30 46 5
8 43 41 6
19 28 44 3
35 37 3 17
35 16 5 38
19 12 38 45
44 32 2 45
1 7 26 46
38 5 8 35
43 40 9 14
29 44 20 2
12 5 40 40
12 21 47 37
1 30 43 42
16 44 29 3
47 6 30 44
4 41 37 22
28 46 2 18
35 28 3 6
35 1 28 44
7 28 40 6
21 2 9 44
5 43 39 12
7 10 36 33
42 35 1 9
13 20 45 1
2 18 44 30
39 39 18 7
19 14 43 43
40 4 23 40
3 30 41 12
45 8 6 38
4 40 28 8
14 1 31 38
43 37 24 2
9 46 44 14
24 12 7 46
41 10 20 45
42 3 7 20
1 4 42 31
13 46 46 2
32 4 7 41
42 10 6 45
17 42 46 10
