5000 1
1
11 38 12 38
1
41 13 40 13
1
25 16 26 16
1
12 38 11 38
1
33 44 32 44
1
11 40 12 40
1
25 25 26 25
1
12 40 12 39
1
12 39 12 40
1
11 32 11 31
1
41 7 40 7
1
15 9 16 9
1
41 9 41 10
1
17 9 18 9
1
25 17 25 16
1
24 24 23 24
1
39 38 39 39
1
25 32 26 32
1
26 25 27 25
1
11 36 10 36
1
41 15 41 16
1
24 16 23 16
1
41 16 41 15
1
40 7 39 7
1
25 23 26 23
1
39 36 39 35
1
23 24 24 24
1
17 5 18 5
1
24 33 23 33
1
18 9 19 9
1
39 40 39 41
1
41 15 42 15
1
33 36 33 37
1
15 13 15 12
1
39 32 39 31
1
33 42 33 41
1
26 32 27 32
1
24 32 23 32
1
25 22 25 23
1
25 28 26 28
1
24 26 23 26
1
25 31 26 31
1
39 7 39 8
1
33 37 32 37
1
23 32 24 32
1
40 13 40 14
1
11 31 11 30
1
41 11 40 11
1
40 11 40 12
1
25 27 25 28
1
6 6 5 6
1
25 29 26 29
1
39 34 40 34
1
25 34 26 34
1
24 21 23 21
1
24 22 24 21
1
32 44 32 45
1
6 12 5 12
1
26 31 26 32
1
23 33 23 34
1
39 8 39 7
1
15 5 15 4
1
26 23 27 23
1
12 40 11 40
1
11 34 11 35
1
25 24 25 25
1
39 31 39 30
1
25 16 25 17
1
40 12 41 12
1
33 40 33 39
1
26 34 25 34
1
16 9 17 9
1
17 13 17 14
1
24 32 24 33
1
41 10 42 10
1
23 16 23 15
1
40 34 41 34
1
25 34 25 35
1
23 34 23 35
1
24 24 25 24
1
26 16 27 16
1
39 7 40 7
1
25 17 26 17
1
24 17 24 16
1
27 25 27 26
1
27 23 27 22
1
32 37 32 36
1
11 30 10 30
1
6 4 7 4
1
41 34 40 34
1
25 35 25 36
1
24 31 25 31
1
26 29 26 30
1
27 26 27 25
1
33 38 32 38
1
24 25 24 26
1
39 41 40 41
1
19 9 20 9
1
39 30 39 29
1
24 20 23 20
1
27 32 27 33
1
23 26 22 26
1
11 38 11 37
1
17 7 17 6
1
23 15 23 14
1
15 7 15 8
1
23 14 23 15
1
40 34 41 34
1
40 41 40 40
1
33 41 32 41
1
40 40 41 40
1
23 21 22 21
1
5 6 5 7
1
15 12 15 13
1
23 20 23 19
1
20 9 20 10
1
26 32 25 32
1
24 30 24 31
1
24 34 24 35
1
24 18 23 18
1
39 29 39 28
1
26 17 27 17
1
23 15 23 14
1
25 28 25 27
1
24 35 24 36
1
39 39 40 39
1
27 33 27 32
1
40 39 41 39
1
5 12 5 13
1
11 37 11 36
1
26 28 25 28
1
17 14 17 13
1
32 38 33 38
1
25 33 26 33
1
25 25 24 25
1
15 4 16 4
1
25 20 24 20
1
25 19 26 19
1
24 23 24 24
1
11 40 10 40
1
17 11 18 11
1
10 40 10 39
1
10 39 10 40
1
15 8 15 7
1
20 10 19 10
1
11 35 12 35
1
42 10 42 11
1
25 32 26 32
1
24 20 25 20
1
40 14 39 14
1
24 33 24 32
1
10 40 10 39
1
12 35 12 34
1
24 27 23 27
1
42 15 43 15
1
25 26 25 25
1
42 11 42 12
1
23 27 23 28
1
23 18 22 18
1
15 7 15 8
1
23 14 22 14
1
23 35 23 34
1
6 10 6 11
1
17 13 17 12
1
10 39 10 38
1
33 39 33 40
1
24 16 24 17
1
41 40 41 41
1
24 28 24 27
1
41 39 40 39
1
25 20 26 20
1
10 36 9 36
1
18 11 18 10
1
32 36 33 36
1
22 26 23 26
1
33 40 33 41
1
9 36 10 36
1
22 18 22 19
1
22 14 23 14
1
26 32 26 31
1
25 31 25 32
1
5 13 6 13
1
17 9 17 10
1
24 17 25 17
1
15 11 14 11
1
24 29 25 29
1
10 38 10 39
1
25 32 25 33
1
39 28 39 27
1
24 25 23 25
1
39 14 40 14
1
23 26 22 26
1
25 30 24 30
1
15 8 15 9
1
26 33 26 34
1
25 29 26 29
1
25 27 26 27
1
18 5 17 5
1
41 41 41 42
1
27 16 27 15
1
25 33 25 32
1
5 7 6 7
1
27 22 27 21
1
26 27 25 27
1
15 13 16 13
1
6 7 7 7
1
17 5 17 4
1
25 18 24 18
1
26 19 25 19
1
27 17 27 18
1
25 15 25 14
1
41 34 40 34
1
33 36 32 36
1
24 21 23 21
1
24 15 23 15
1
7 7 7 8
1
27 32 27 31
1
23 15 24 15
1
17 12 16 12
1
27 31 28 31
1
23 19 23 20
1
27 15 26 15
1
10 39 11 39
1
15 9 15 8
1
32 41 32 42
1
25 24 26 24
1
10 36 10 37
1
27 21 27 20
1
39 35 39 34
1
24 15 24 14
1
10 37 11 37
1
25 14 26 14
1
32 45 33 45
1
23 28 24 28
1
24 19 23 19
1
17 10 17 9
1
24 27 23 27
1
23 27 23 28
1
42 12 42 13
1
33 38 33 37
1
39 27 40 27
1
16 13 16 14
1
11 36 10 36
1
23 21 24 21
1
23 34 22 34
1
24 18 23 18
1
27 25 26 25
1
33 45 32 45
1
24 28 24 29
1
23 20 22 20
1
41 42 40 42
1
26 24 27 24
1
33 41 34 41
1
40 39 40 38
1
17 9 17 8
1
28 31 29 31
1
23 19 24 19
1
24 36 24 35
1
6 13 6 12
1
39 34 38 34
1
40 42 40 43
1
42 13 41 13
1
25 28 25 29
1
24 31 23 31
1
32 45 32 44
1
26 14 25 14
1
38 34 39 34
1
23 14 22 14
1
7 8 8 8
1
10 30 10 29
1
24 30 25 30
1
24 19 24 20
1
41 12 41 11
1
22 14 23 14
1
39 34 39 33
1
22 21 21 21
1
26 15 25 15
1
25 25 25 24
1
41 11 40 11
1
34 41 35 41
1
27 24 27 23
1
40 38 40 39
1
24 29 23 29
1
24 35 24 36
1
25 19 24 19
1
26 31 26 32
1
11 37 11 38
1
23 18 23 17
1
22 20 22 21
1
39 33 40 33
1
17 4 18 4
1
22 21 22 22
1
40 33 39 33
1
25 27 25 28
1
24 14 24 15
1
32 44 31 44
1
25 30 25 31
1
11 38 12 38
1
32 42 32 43
1
26 34 25 34
1
25 34 25 33
1
6 8 7 8
1
16 12 15 12
1
27 20 28 20
1
15 12 15 13
1
25 21 26 21
1
24 20 23 20
1
16 4 15 4
1
25 29 24 29
1
23 20 22 20
1
14 11 14 12
1
26 29 25 29
1
26 30 27 30
1
22 26 21 26
1
25 24 25 25
1
27 30 27 29
1
31 44 32 44
1
12 34 12 33
1
6 11 5 11
1
32 44 31 44
1
21 26 21 27
1
24 15 23 15
1
22 34 21 34
1
11 39 11 38
1
24 21 23 21
1
41 13 41 14
1
25 28 24 28
1
8 8 8 7
1
40 43 40 42
1
21 34 21 35
1
33 37 33 36
1
25 17 24 17
1
25 29 25 30
1
40 7 40 8
1
39 33 39 34
1
26 32 27 32
1
40 34 40 35
1
25 30 24 30
1
15 4 15 3
1
24 17 24 16
1
21 35 21 34
1
27 23 28 23
1
24 28 24 27
1
12 33 12 34
1
40 14 40 15
1
35 41 35 40
1
25 15 25 16
1
28 20 28 19
1
6 12 6 13
1
24 36 23 36
1
15 8 15 9
1
22 19 22 18
1
23 29 23 30
1
15 13 15 14
1
6 13 6 12
1
24 29 24 28
1
40 42 40 43
1
10 29 10 28
1
24 30 24 29
1
7 4 7 5
1
23 36 22 36
1
7 8 7 7
1
26 20 26 19
1
24 28 25 28
1
23 21 22 21
1
27 18 28 18
1
40 8 40 7
1
24 27 24 28
1
24 28 24 27
1
27 29 28 29
1
26 21 27 21
1
23 30 23 29
1
23 25 23 26
1
24 27 23 27
1
27 21 26 21
1
27 32 27 33
1
33 36 33 37
1
17 8 17 7
1
25 14 25 15
1
43 15 42 15
1
7 7 6 7
1
26 21 26 22
1
21 27 20 27
1
14 12 14 13
1
28 18 28 17
1
22 20 23 20
1
20 27 21 27
1
25 15 25 14
1
40 27 39 27
1
23 27 22 27
1
18 10 18 11
1
18 11 18 12
1
23 31 22 31
1
33 37 33 36
1
23 28 24 28
1
28 29 29 29
1
21 21 21 22
1
7 5 6 5
1
29 31 29 30
1
22 27 22 26
1
27 33 27 34
1
40 35 40 36
1
23 14 24 14
1
26 25 27 25
1
11 38 10 38
1
27 25 26 25
1
40 15 41 15
1
22 36 22 35
1
5 11 6 11
1
24 29 24 30
1
21 22 20 22
1
25 23 24 23
1
10 36 9 36
1
23 26 23 25
1
16 14 17 14
1
14 13 13 13
1
22 26 22 27
1
6 12 5 12
1
25 25 25 26
1
24 14 23 14
1
17 6 16 6
1
12 34 12 35
1
20 22 21 22
1
18 12 19 12
1
22 35 22 36
1
28 17 28 16
1
31 44 31 43
1
33 36 33 35
1
24 28 23 28
1
25 14 26 14
1
28 16 27 16
1
19 10 20 10
1
23 28 22 28
1
10 38 10 37
1
39 34 38 34
1
23 20 24 20
1
25 32 26 32
1
28 19 28 20
1
32 36 32 37
1
22 31 22 30
1
26 25 26 26
1
17 7 18 7
1
21 34 21 35
1
24 26 24 25
1
42 15 42 14
1
25 26 24 26
1
9 36 10 36
1
22 30 23 30
1
26 14 25 14
1
40 36 39 36
1
10 36 11 36
1
19 12 19 11
1
25 31 26 31
1
40 7 41 7
1
24 32 24 33
1
5 12 4 12
1
24 33 24 32
1
39 36 39 37
1
19 11 20 11
1
29 30 28 30
1
33 35 33 36
1
35 40 35 41
1
6 7 7 7
1
33 36 32 36
1
24 16 24 17
1
6 11 6 10
1
24 25 25 25
1
23 15 23 16
1
26 26 25 26
1
26 31 27 31
1
39 27 40 27
1
24 17 25 17
1
40 43 40 42
1
16 6 16 7
1
13 13 13 14
1
27 31 28 31
1
25 36 25 35
1
23 29 24 29
1
22 27 22 26
1
26 32 26 33
1
27 16 27 17
1
23 17 24 17
1
22 21 22 20
1
40 11 40 10
1
27 34 27 33
1
18 4 18 5
1
8 7 8 8
1
21 27 21 28
1
25 33 25 34
1
40 10 39 10
1
18 7 17 7
1
25 14 24 14
1
15 9 15 8
1
40 27 41 27
1
21 28 21 29
1
28 23 29 23
1
25 34 26 34
1
10 37 10 36
1
23 16 23 17
1
39 10 38 10
1
22 22 22 23
1
24 26 24 25
1
32 43 32 44
1
29 23 28 23
1
26 33 25 33
1
22 18 23 18
1
25 26 26 26
1
10 36 10 35
1
26 26 27 26
1
24 23 25 23
1
6 5 5 5
1
22 36 22 37
1
22 20 22 19
1
11 36 11 37
1
22 37 22 36
1
22 23 22 22
1
32 37 33 37
1
17 14 17 13
1
24 19 25 19
1
22 28 23 28
1
35 41 34 41
1
38 34 39 34
1
27 17 27 18
1
23 25 23 24
1
17 7 17 8
1
20 10 20 9
1
32 36 32 37
1
34 41 34 40
1
42 14 42 15
1
21 35 22 35
1
28 31 28 32
1
22 22 22 21
1
6 10 6 11
1
26 19 26 18
1
32 37 32 36
1
10 35 10 34
1
10 34 9 34
1
22 19 22 18
1
15 3 15 4
1
25 28 24 28
1
25 17 25 18
1
5 5 5 4
1
40 42 40 43
1
25 19 26 19
1
24 30 25 30
1
26 19 26 20
1
24 25 23 25
1
39 37 40 37
1
22 35 21 35
1
23 30 24 30
1
25 35 25 34
1
18 5 19 5
1
40 43 41 43
1
12 38 13 38
1
41 43 42 43
1
15 4 16 4
1
28 20 28 19
1
23 14 23 15
1
24 20 24 19
1
42 15 42 14
1
19 5 18 5
1
16 4 17 4
1
27 33 27 32
1
42 43 42 44
1
21 29 21 30
1
7 7 6 7
1
23 28 23 27
1
29 29 29 30
1
31 43 31 44
1
25 30 26 30
1
25 18 25 19
1
28 30 27 30
1
39 34 39 33
1
32 36 33 36
1
32 44 32 43
1
13 14 14 14
1
17 13 17 14
1
39 33 39 34
1
26 20 26 21
1
27 18 27 19
1
6 7 6 6
1
17 4 17 3
1
23 17 23 16
1
27 32 26 32
1
24 28 24 27
1
17 14 18 14
1
24 30 23 30
1
21 30 21 29
1
21 29 20 29
1
42 44 42 45
1
22 18 22 19
1
23 27 22 27
1
26 30 25 30
1
25 16 24 16
1
28 19 28 20
1
24 32 23 32
1
8 8 7 8
1
12 35 12 36
1
18 5 18 6
1
13 38 14 38
1
21 35 22 35
1
33 36 33 35
1
40 37 40 36
1
9 34 9 33
1
10 28 10 29
1
34 40 35 40
1
32 43 32 44
1
24 17 24 18
1
4 12 5 12
1
18 14 17 14
1
27 30 27 31
1
23 32 22 32
1
41 15 42 15
1
23 30 24 30
1
25 23 25 22
1
26 21 27 21
1
24 24 25 24
1
18 6 17 6
1
22 21 22 20
1
20 11 21 11
1
17 3 17 4
1
40 36 40 37
1
35 40 34 40
1
17 14 17 13
1
24 14 24 15
1
24 27 23 27
1
27 31 27 32
1
10 29 9 29
1
17 6 17 7
1
42 45 42 46
1
28 20 27 20
1
26 18 26 19
1
22 32 22 31
1
20 29 21 29
1
26 34 27 34
1
16 7 16 6
1
24 29 24 28
1
22 26 21 26
1
40 37 40 36
1
23 24 22 24
1
23 16 23 17
1
39 34 38 34
1
29 30 28 30
1
21 22 21 21
1
42 46 41 46
1
26 19 26 18
1
32 44 33 44
1
25 22 25 23
1
25 19 26 19
1
17 8 16 8
1
11 37 11 36
1
17 13 17 14
1
41 27 40 27
1
25 30 25 31
1
31 44 32 44
1
22 36 23 36
1
21 11 22 11
1
27 20 26 20
1
16 6 15 6
1
38 34 38 33
1
27 26 27 27
1
42 15 41 15
1
17 4 17 3
1
25 23 25 22
1
25 22 25 23
1
32 44 32 43
1
25 23 25 22
1
23 15 22 15
1
41 15 41 16
1
27 27 27 26
1
17 7 18 7
1
27 34 27 35
1
14 14 13 14
1
21 21 21 20
1
12 36 13 36
1
26 18 25 18
1
27 32 27 33
1
21 20 21 21
1
26 19 25 19
1
41 16 41 17
1
24 30 24 31
1
13 36 14 36
1
6 11 6 10
1
40 36 39 36
1
28 30 29 30
1
24 19 24 20
1
28 23 29 23
1
26 20 26 19
1
17 14 16 14
1
23 17 23 16
1
20 9 21 9
1
38 10 39 10
1
40 39 39 39
1
18 7 18 6
1
26 22 26 23
1
40 27 41 27
1
14 38 14 39
1
9 33 9 32
1
22 11 21 11
1
23 36 23 35
1
24 28 23 28
1
23 25 24 25
1
22 20 21 20
1
24 31 24 32
1
38 33 38 32
1
25 24 25 23
1
33 35 32 35
1
32 35 32 36
1
25 34 25 35
1
5 4 6 4
1
24 32 25 32
1
16 14 17 14
1
23 18 23 17
1
14 36 14 37
1
16 8 17 8
1
25 22 26 22
1
23 28 22 28
1
25 25 25 24
1
6 10 5 10
1
13 14 12 14
1
6 6 6 7
1
24 20 24 19
1
41 17 41 18
1
27 26 26 26
1
41 18 42 18
1
26 19 26 20
1
26 26 26 25
1
5 12 4 12
1
21 9 21 8
1
25 35 25 36
1
27 33 26 33
1
24 25 23 25
1
14 39 15 39
1
26 22 25 22
1
9 29 10 29
1
21 21 20 21
1
42 14 43 14
1
22 15 22 14
1
22 35 22 34
1
21 20 21 21
1
11 36 10 36
1
6 7 6 6
1
21 26 22 26
1
14 37 13 37
1
23 16 22 16
1
32 36 32 35
1
22 26 21 26
1
25 23 24 23
1
22 31 22 30
1
17 3 17 4
1
33 44 34 44
1
27 19 28 19
1
25 33 25 34
1
15 8 16 8
1
26 33 25 33
1
16 8 15 8
1
24 15 24 14
1
25 18 26 18
1
42 18 41 18
1
6 6 5 6
1
27 35 27 36
1
21 11 22 11
1
26 23 26 22
1
32 43 33 43
1
27 21 26 21
1
26 22 26 23
1
23 17 24 17
1
41 27 41 28
1
38 32 37 32
1
25 36 24 36
1
23 35 23 36
1
23 36 23 37
1
21 29 20 29
1
22 16 22 15
1
25 34 26 34
1
15 39 15 40
1
15 40 14 40
1
17 14 18 14
1
43 14 42 14
1
34 40 34 39
1
14 40 14 41
1
24 19 23 19
1
26 32 27 32
1
23 25 23 26
1
33 43 33 44
1
24 17 23 17
1
22 34 21 34
1
28 32 29 32
1
41 46 40 46
1
23 37 23 38
1
5 10 5 9
1
29 23 28 23
1
26 20 27 20
1
21 26 20 26
1
18 14 17 14
1
17 4 17 3
1
32 35 32 36
1
24 14 24 13
1
25 31 24 31
1
13 37 13 36
1
23 27 23 28
1
32 36 31 36
1
26 34 25 34
1
13 36 13 37
1
7 8 7 7
1
21 8 22 8
1
22 14 21 14
1
29 32 29 31
1
22 8 22 7
1
41 14 40 14
1
34 39 34 38
1
17 8 17 9
1
15 8 14 8
1
34 44 35 44
1
21 14 22 14
1
15 14 14 14
1
23 38 22 38
1
42 14 41 14
1
33 44 34 44
1
25 34 25 35
1
22 19 21 19
1
25 32 26 32
1
22 15 22 16
1
6 4 6 5
1
33 37 34 37
1
24 31 24 30
1
26 25 25 25
1
24 13 24 14
1
21 34 21 35
1
29 30 28 30
1
34 44 34 43
1
24 23 24 24
1
9 32 8 32
1
17 9 17 10
1
26 32 25 32
1
4 12 3 12
1
35 44 34 44
1
27 36 27 35
1
25 25 26 25
1
5 6 5 5
1
20 29 20 30
1
3 12 4 12
1
28 30 28 29
1
10 29 9 29
1
17 14 16 14
1
22 14 23 14
1
23 28 23 27
1
12 14 12 15
1
23 14 22 14
1
39 10 38 10
1
38 10 37 10
1
22 28 22 29
1
20 26 20 25
1
14 41 15 41
1
5 9 5 8
1
24 18 24 19
1
22 11 22 12
1
24 36 23 36
1
25 22 24 22
1
22 16 23 16
1
14 14 14 13
1
25 24 26 24
1
14 13 15 13
1
20 30 20 31
1
24 16 24 15
1
13 37 14 37
1
23 17 22 17
1
25 35 24 35
1
39 39 39 40
1
24 19 24 18
1
41 18 41 19
1
28 29 29 29
1
5 5 5 4
1
5 8 4 8
1
20 25 19 25
1
29 29 30 29
1
21 21 22 21
1
22 17 22 16
1
22 12 22 11
1
22 27 22 26
1
14 8 14 9
1
31 36 31 37
1
26 21 25 21
1
12 15 11 15
1
22 21 22 22
1
34 44 33 44
1
22 24 22 25
1
39 36 40 36
1
29 31 28 31
1
28 19 27 19
1
25 21 24 21
1
22 11 23 11
1
27 20 26 20
1
28 31 27 31
1
41 7 40 7
1
22 22 22 23
1
31 37 31 36
1
22 16 22 15
1
24 18 25 18
1
26 23 27 23
1
18 6 18 7
1
11 15 12 15
1
33 44 32 44
1
16 14 16 13
1
22 29 21 29
1
24 22 24 23
1
23 16 22 16
1
14 37 14 36
1
37 32 38 32
1
8 32 8 31
1
9 29 8 29
1
32 44 32 43
1
25 32 26 32
1
23 36 23 37
1
5 4 6 4
1
4 12 4 13
1
25 18 25 17
1
26 20 26 21
1
22 23 23 23
1
24 14 24 13
1
24 13 25 13
1
23 27 24 27
1
22 26 22 27
1
22 38 21 38
1
24 15 24 14
1
15 41 14 41
1
15 6 14 6
1
24 24 25 24
1
8 31 8 30
1
34 43 34 42
1
41 19 40 19
1
21 29 20 29
1
41 28 40 28
1
15 13 14 13
1
40 7 39 7
1
34 37 35 37
1
8 29 8 28
1
22 30 23 30
1
39 7 39 6
1
23 23 23 24
1
23 11 22 11
1
18 7 17 7
1
40 28 40 27
1
39 6 39 5
1
12 15 12 14
1
25 13 25 14
1
6 4 6 3
1
41 14 42 14
1
22 7 23 7
1
28 23 28 24
1
26 21 26 22
1
23 30 23 31
1
34 38 35 38
1
20 29 21 29
1
24 21 23 21
1
8 30 7 30
1
26 25 27 25
1
10 36 10 37
1
23 26 23 27
1
26 24 26 23
1
24 30 25 30
1
12 14 11 14
1
22 25 22 26
1
21 35 21 34
1
23 7 23 8
1
22 16 22 17
1
17 10 17 11
1
31 36 30 36
1
40 46 41 46
1
25 33 26 33
1
26 23 25 23
1
38 32 38 31
1
23 8 23 9
1
6 5 6 6
1
39 40 40 40
1
25 19 25 20
1
40 40 40 41
1
23 37 22 37
1
25 14 25 15
1
34 42 34 43
1
22 26 21 26
1
37 10 38 10
1
27 23 27 22
1
40 19 40 18
1
30 36 31 36
1
17 7 16 7
1
7 7 8 7
1
8 7 8 8
1
17 11 17 10
1
22 37 22 38
1
25 17 25 18
1
14 13 14 14
1
23 31 24 31
1
21 38 21 37
1
17 10 17 9
1
25 18 25 17
1
16 13 15 13
1
4 8 5 8
1
26 18 27 18
1
40 14 40 13
1
25 24 25 25
1
21 29 22 29
1
17 3 18 3
1
38 10 38 9
1
40 41 39 41
1
11 14 11 13
1
27 35 26 35
1
25 17 26 17
1
26 32 25 32
1
18 3 19 3
1
35 38 36 38
1
7 30 7 31
1
28 24 27 24
1
40 13 41 13
1
22 15 22 16
1
16 7 16 8
1
21 34 21 33
1
39 41 40 41
1
20 21 21 21
1
23 24 23 25
1
36 38 36 37
1
40 27 39 27
1
5 8 4 8
1
25 15 26 15
1
15 13 15 12
1
21 21 20 21
1
24 14 24 13
1
25 25 24 25
1
41 13 41 14
1
17 9 17 8
1
27 22 28 22
1
21 26 20 26
1
23 25 23 26
1
26 33 26 34
1
39 27 40 27
1
20 26 20 27
1
36 37 36 36
1
30 29 30 30
1
27 25 28 25
1
28 25 28 26
1
14 9 14 8
1
22 38 22 39
1
25 32 25 33
1
23 26 22 26
1
22 16 22 15
1
36 36 36 37
1
40 36 40 35
1
42 14 42 15
1
22 27 22 28
1
26 22 27 22
1
21 19 21 20
1
36 37 36 38
1
23 19 23 18
1
6 6 5 6
1
26 15 26 16
1
38 9 39 9
1
17 8 17 9
1
14 36 14 37
1
26 16 27 16
1
14 41 13 41
1
21 37 21 38
1
14 37 15 37
1
30 30 29 30
1
27 24 28 24
1
28 24 27 24
1
24 31 24 32
1
36 38 36 37
1
6 3 6 2
1
35 37 35 36
1
13 41 12 41
1
21 38 21 39
1
23 18 24 18
1
25 33 24 33
1
15 37 15 38
1
27 24 28 24
1
35 36 36 36
1
27 19 27 20
1
24 18 24 19
1
14 6 15 6
1
24 25 25 25
1
27 20 26 20
1
22 15 22 16
1
12 41 11 41
1
27 31 27 30
1
23 21 24 21
1
20 31 20 32
1
24 19 24 20
1
16 8 16 7
1
24 35 25 35
1
24 27 24 28
1
24 20 24 19
1
25 30 24 30
1
25 20 25 21
1
27 32 26 32
1
22 17 21 17
1
17 9 16 9
1
27 18 26 18
1
27 22 27 21
1
8 8 8 7
1
28 26 27 26
1
10 37 10 38
1
21 20 22 20
1
4 13 4 14
1
39 9 39 8
1
14 8 15 8
1
28 22 27 22
1
29 30 28 30
1
27 26 26 26
1
26 35 27 35
1
19 25 19 24
1
24 21 23 21
1
25 23 26 23
1
15 38 14 38
1
36 37 37 37
1
14 38 14 37
1
15 6 15 7
1
39 5 39 6
1
4 14 5 14
1
6 2 6 3
1
4 8 3 8
1
24 28 24 27
1
23 21 24 21
1
38 31 38 30
1
25 25 25 26
1
19 3 19 2
1
26 34 27 34
1
22 14 22 13
1
26 17 27 17
1
37 37 38 37
1
3 8 4 8
1
42 15 42 14
1
15 8 15 9
1
32 43 32 42
1
16 9 17 9
1
27 16 26 16
1
14 14 14 15
1
20 27 20 26
1
39 8 39 9
1
28 24 28 23
1
27 35 28 35
1
27 17 27 18
1
24 27 24 26
1
28 23 28 22
1
38 37 38 36
1
40 35 40 34
1
27 22 27 23
1
26 23 26 24
1
20 21 20 20
1
26 16 26 17
1
22 11 23 11
1
11 41 10 41
1
27 23 27 24
1
26 24 26 23
1
23 27 22 27
1
15 12 15 13
1
27 24 27 23
1
24 30 23 30
1
36 36 36 37
1
22 16 22 17
1
27 30 27 29
1
19 24 19 23
1
22 29 21 29
1
31 36 30 36
1
41 46 41 45
1
40 41 40 40
1
8 28 9 28
1
36 37 37 37
1
27 29 26 29
1
19 2 18 2
1
21 39 21 40
1
24 23 24 24
1
15 13 15 12
1
24 13 25 13
1
11 13 10 13
1
23 30 23 29
1
22 28 22 29
1
39 9 40 9
1
8 7 9 7
1
22 39 22 38
1
26 26 26 25
1
41 14 41 15
1
27 21 28 21
1
25 35 26 35
1
4 8 5 8
1
20 32 19 32
1
41 15 40 15
1
26 32 25 32
1
26 18 26 19
1
22 38 22 37
1
21 40 22 40
1
15 7 15 6
1
24 19 24 18
1
25 13 26 13
1
10 13 10 12
1
22 29 22 30
1
28 35 28 34
1
26 17 26 16
1
21 33 20 33
1
22 37 23 37
1
5 6 5 7
1
40 40 39 40
1
39 6 39 5
1
21 29 20 29
1
5 7 4 7
1
39 5 39 4
1
28 21 27 21
1
24 24 24 23
1
27 18 28 18
1
23 9 23 8
1
24 23 25 23
1
26 13 26 14
1
15 9 16 9
1
30 36 30 35
1
26 19 26 18
1
22 13 22 12
1
6 3 5 3
1
9 7 9 6
1
10 41 11 41
1
23 8 22 8
1
40 9 39 9
1
37 37 37 38
1
24 32 23 32
1
9 28 9 29
1
23 11 24 11
1
25 23 25 22
1
4 7 4 8
1
18 2 18 3
1
25 21 25 20
1
7 31 7 32
1
22 17 22 16
1
38 36 39 36
1
22 16 22 17
1
21 17 21 16
1
39 4 39 5
1
19 23 19 22
1
23 29 24 29
1
4 8 4 7
1
42 14 41 14
1
27 34 26 34
1
9 6 9 5
1
26 34 27 34
1
22 27 22 28
1
22 12 22 11
1
20 20 20 21
1
21 16 20 16
1
30 35 30 34
1
41 45 40 45
1
23 37 23 36
1
40 18 40 17
1
20 26 21 26
1
21 26 21 25
1
26 18 25 18
1
24 29 25 29
1
20 16 20 17
1
22 20 22 21
1
28 34 28 33
1
22 17 21 17
1
22 11 21 11
1
24 18 24 17
1
17 9 17 10
1
27 34 27 35
1
23 36 23 37
1
26 35 26 34
1
27 21 26 21
1
26 23 26 22
1
38 30 38 31
1
25 32 24 32
1
14 37 13 37
1
15 6 15 7
1
27 23 26 23
1
4 7 3 7
1
24 21 24 22
1
25 22 25 21
1
23 32 23 33
1
40 27 39 27
1
24 33 24 34
1
25 26 25 25
1
25 25 25 26
1
39 27 38 27
1
16 9 16 8
1
40 15 40 14
1
20 29 20 30
1
39 36 39 35
1
21 17 21 16
1
28 18 27 18
1
26 22 27 22
1
24 11 25 11
1
40 17 41 17
1
23 37 24 37
1
25 18 25 17
1
18 3 18 4
1
26 25 25 25
1
27 35 28 35
1
22 21 23 21
1
27 18 27 19
1
22 30 23 30
1
28 35 29 35
1
10 38 11 38
1
41 17 41 18
1
29 35 30 35
1
25 20 25 19
1
34 43 34 42
1
40 34 39 34
1
40 45 40 46
1
30 34 30 33
1
19 22 18 22
1
32 42 33 42
1
15 12 16 12
1
21 16 21 17
1
20 17 20 16
1
21 25 21 24
1
25 21 24 21
1
20 30 19 30
1
18 22 18 21
1
23 30 22 30
1
9 5 8 5
1
5 8 6 8
1
26 29 26 30
1
26 20 27 20
1
20 21 20 22
1
11 41 11 42
1
39 34 40 34
1
25 25 24 25
1
11 42 11 43
1
20 22 20 21
1
39 40 39 41
1
15 7 14 7
1
26 14 25 14
1
19 32 19 33
1
25 14 26 14
1
19 30 19 29
1
21 11 22 11
1
5 14 5 13
1
13 37 13 38
1
26 14 26 13
1
24 32 25 32
1
22 28 23 28
1
16 8 17 8
1
20 21 20 22
1
9 29 9 28
1
40 34 39 34
1
10 12 9 12
1
22 40 23 40
1
34 42 34 41
1
37 38 37 39
1
25 26 26 26
1
38 31 39 31
1
5 13 5 12
1
24 21 24 20
1
39 41 39 42
1
24 17 24 18
1
26 13 27 13
1
5 12 6 12
1
6 12 6 13
1
20 33 20 34
1
26 34 25 34
1
37 39 38 39
1
19 29 20 29
1
38 39 37 39
1
25 19 26 19
1
39 5 39 6
1
13 38 13 39
1
27 22 26 22
1
24 18 24 17
1
25 34 26 34
1
24 37 24 36
1
3 7 3 8
1
26 22 27 22
1
28 22 28 23
1
18 4 18 5
1
39 35 39 36
1
11 43 11 42
1
30 33 30 34
1
25 32 26 32
1
20 29 21 29
1
22 11 21 11
1
30 34 30 33
1
23 33 23 34
1
30 35 29 35
1
14 7 14 8
1
30 33 29 33
1
11 38 11 37
1
18 5 17 5
1
24 22 23 22
1
24 26 23 26
1
38 27 39 27
1
24 34 24 33
1
26 21 27 21
1
39 36 40 36
1
19 33 19 32
1
9 12 9 11
1
11 37 11 36
1
33 42 32 42
1
24 33 23 33
1
24 36 24 35
1
9 11 8 11
1
21 11 20 11
1
8 11 9 11
1
41 14 42 14
1
3 8 4 8
1
23 40 23 41
1
32 42 33 42
1
9 11 9 12
1
17 10 17 11
1
14 15 14 14
1
39 34 39 35
1
17 5 16 5
1
20 22 20 23
1
24 20 23 20
1
17 11 16 11
1
39 6 38 6
1
37 39 36 39
1
26 16 25 16
1
33 42 32 42
1
11 42 12 42
1
23 21 22 21
1
21 24 22 24
1
29 33 29 32
1
16 7 15 7
1
23 26 23 25
1
27 22 28 22
1
25 16 25 15
1
28 23 27 23
1
6 8 5 8
1
39 31 39 32
1
40 36 41 36
1
29 35 30 35
1
25 17 26 17
1
13 39 13 38
1
27 13 26 13
1
16 11 17 11
1
18 21 17 21
1
41 18 41 17
1
20 16 20 17
1
17 11 18 11
1
41 36 41 35
1
23 20 22 20
1
26 32 25 32
1
24 17 24 16
1
23 34 24 34
1
4 8 4 9
1
26 30 25 30
1
25 29 25 28
1
25 30 24 30
1
24 16 23 16
1
14 8 14 7
1
23 22 24 22
1
7 32 7 31
1
41 17 41 18
1
18 11 18 12
1
21 29 21 30
1
22 24 22 25
1
32 42 31 42
1
8 5 8 4
1
24 30 25 30
1
36 39 36 40
1
15 7 15 6
1
25 32 25 31
1
27 19 28 19
1
23 16 24 16
1
20 17 19 17
1
28 33 28 34
1
39 42 38 42
1
28 34 29 34
1
23 41 22 41
1
29 32 30 32
1
14 14 15 14
1
9 28 10 28
1
22 25 22 24
1
20 11 21 11
1
9 12 9 13
1
10 28 10 29
1
20 34 20 35
1
31 42 31 41
1
25 15 25 14
1
39 27 39 28
1
16 5 16 4
1
27 20 28 20
1
20 23 20 24
1
25 14 25 15
1
22 21 23 21
1
34 41 34 40
1
39 9 38 9
1
7 31 7 32
1
28 22 28 23
1
15 14 16 14
1
25 31 25 32
1
38 6 38 5
1
26 17 26 18
1
25 15 26 15
1
27 21 27 22
1
27 23 27 24
1
31 41 31 42
1
20 35 19 35
1
41 18 41 19
1
28 30 28 31
1
24 25 25 25
1
16 14 15 14
1
19 35 19 36
1
22 41 23 41
1
39 35 38 35
1
22 8 21 8
1
18 12 17 12
1
16 12 16 13
1
15 6 14 6
1
7 32 8 32
1
25 30 25 29
1
17 8 17 9
1
14 7 13 7
1
40 46 39 46
1
23 28 22 28
1
41 35 41 36
1
6 13 5 13
1
19 17 19 18
1
21 17 20 17
1
26 19 27 19
1
24 16 23 16
1
19 18 18 18
1
24 34 23 34
1
31 42 31 43
1
8 4 7 4
1
22 30 22 29
1
29 34 29 35
1
36 40 37 40
1
17 9 17 10
1
17 10 18 10
1
25 25 25 24
1
28 23 28 24
1
23 25 23 26
1
25 32 24 32
1
23 34 24 34
1
27 19 27 18
1
26 34 25 34
1
22 20 23 20
1
30 35 30 36
1
22 24 21 24
1
24 32 24 33
1
39 46 38 46
1
13 7 13 6
1
25 11 25 10
1
8 32 7 32
1
19 32 20 32
1
7 32 7 33
1
34 40 33 40
1
38 5 38 6
1
26 18 25 18
1
27 24 27 25
1
17 12 18 12
1
28 31 29 31
1
41 36 40 36
1
15 14 15 13
1
25 28 26 28
1
29 31 29 32
1
5 13 4 13
1
24 33 24 32
1
41 19 42 19
1
15 13 14 13
1
18 10 19 10
1
38 46 37 46
1
4 9 5 9
1
12 42 11 42
1
26 15 25 15
1
37 40 36 40
1
25 15 25 14
1
13 6 13 7
1
7 33 7 32
1
22 28 23 28
1
11 36 11 35
1
23 28 23 27
1
38 35 37 35
1
19 36 19 35
1
25 14 25 15
1
24 22 24 21
1
22 29 22 30
1
14 13 15 13
1
23 27 22 27
1
21 8 21 7
1
22 30 23 30
1
21 30 20 30
1
23 16 23 17
1
21 7 21 8
1
13 7 13 6
1
25 18 25 17
1
19 10 20 10
1
42 14 42 13
1
20 30 20 31
1
39 28 39 27
1
23 33 23 32
1
26 26 27 26
1
28 20 29 20
1
38 42 38 41
1
23 20 23 19
1
29 35 28 35
1
20 31 19 31
1
40 36 39 36
1
39 32 39 31
1
42 19 41 19
1
27 22 27 21
1
29 20 28 20
1
14 6 14 5
1
20 32 20 31
1
19 35 19 36
1
39 36 39 37
1
10 29 11 29
1
21 11 22 11
1
19 31 19 30
1
11 29 10 29
1
37 46 36 46
1
31 43 32 43
1
22 26 21 26
1
25 10 26 10
1
38 41 38 40
1
41 19 42 19
1
24 32 24 33
1
24 35 23 35
1
19 36 18 36
1
26 28 26 27
1
26 27 25 27
1
27 18 27 19
1
28 20 29 20
1
20 17 20 18
1
25 29 26 29
1
23 30 23 29
1
23 29 24 29
1
16 13 17 13
1
26 10 25 10
1
21 8 20 8
1
24 29 23 29
1
22 11 23 11
1
21 24 21 23
1
23 41 23 40
1
23 21 23 22
1
21 23 20 23
1
20 18 21 18
1
4 13 3 13
1
5 8 5 7
1
25 15 24 15
1
5 9 5 10
1
24 15 25 15
1
23 19 23 18
1
18 18 19 18
1
25 15 25 16
1
42 19 41 19
1
26 23 26 24
1
38 40 39 40
1
23 11 23 12
1
7 32 8 32
1
17 13 17 14
1
23 26 23 25
1
29 20 29 19
1
26 13 27 13
1
23 29 22 29
1
28 24 28 23
1
7 4 6 4
1
29 32 29 31
1
25 16 26 16
1
26 24 26 25
1
14 5 14 4
1
38 9 38 8
1
19 18 18 18
1
38 8 38 9
1
20 8 21 8
1
24 34 24 35
1
24 21 24 22
1
30 36 30 35
1
28 23 28 22
1
36 46 36 45
1
20 10 21 10
1
38 6 39 6
1
28 19 28 20
1
3 13 4 13
1
25 34 24 34
1
28 22 29 22
1
29 22 29 21
1
18 18 19 18
1
23 12 23 11
1
27 25 27 24
1
23 25 23 24
1
27 13 27 14
1
39 6 39 5
1
27 21 27 20
1
25 27 25 28
1
30 32 30 31
1
23 18 22 18
1
40 14 41 14
1
13 6 13 5
1
41 19 41 20
1
29 21 29 22
1
24 34 25 34
1
8 32 8 31
1
30 31 30 32
1
25 34 26 34
1
29 31 28 31
1
29 22 29 23
1
11 42 11 41
1
27 24 26 24
1
25 24 24 24
1
27 26 28 26
1
20 31 19 31
1
25 10 26 10
1
27 19 26 19
1
24 24 24 25
1
29 23 28 23
1
39 37 39 36
1
9 13 9 14
1
36 45 36 46
1
4 13 5 13
1
28 23 28 22
1
26 34 26 35
1
5 7 4 7
1
5 13 5 14
1
21 26 21 25
1
26 19 25 19
1
39 31 40 31
1
18 12 19 12
1
23 17 24 17
1
39 40 39 39
1
11 41 10 41
1
23 22 22 22
1
4 7 3 7
1
24 33 25 33
1
3 7 4 7
1
32 43 31 43
1
26 24 25 24
1
41 20 40 20
1
19 30 19 29
1
25 33 25 34
1
17 14 17 13
1
39 39 39 38
1
19 12 19 11
1
23 40 24 40
1
20 23 20 22
1
24 22 25 22
1
38 9 38 10
1
38 10 37 10
1
8 31 8 32
1
5 3 6 3
1
8 32 7 32
1
19 29 19 30
1
26 10 27 10
1
20 22 19 22
1
24 35 25 35
1
17 13 16 13
1
40 20 40 19
1
21 18 20 18
1
21 8 21 7
1
19 31 20 31
1
23 11 23 10
1
26 25 26 24
1
19 11 19 10
1
28 31 28 32
1
42 13 43 13
1
36 46 37 46
1
25 34 26 34
1
26 35 27 35
1
25 24 25 25
1
30 32 30 31
1
30 31 30 30
1
19 22 20 22
1
19 10 18 10
1
39 27 40 27
1
39 5 39 6
1
23 24 23 25
1
20 18 20 17
1
25 22 25 23
1
20 31 21 31
1
25 23 24 23
1
5 14 5 15
1
37 46 37 45
1
22 27 22 28
1
40 31 41 31
1
25 35 25 34
1
24 23 23 23
1
13 38 12 38
1
40 27 40 26
1
17 21 17 20
1
30 30 31 30
1
37 10 37 9
1
27 35 27 34
1
6 3 5 3
1
23 32 23 31
1
11 35 11 34
1
11 34 10 34
1
23 25 23 26
1
24 40 23 40
1
16 4 16 5
1
20 22 19 22
1
23 23 24 23
1
36 40 35 40
1
41 14 42 14
1
25 17 26 17
1
39 6 39 7
1
39 38 38 38
1
19 22 19 21
1
5 3 6 3
1
22 18 21 18
1
28 20 29 20
1
4 7 5 7
1
10 41 10 40
1
14 4 15 4
1
29 20 30 20
1
26 29 26 30
1
23 10 23 11
1
39 7 39 6
1
28 35 27 35
1
6 4 7 4
1
26 24 26 25
1
18 36 18 37
1
24 17 23 17
1
39 6 38 6
1
19 21 19 20
1
25 28 24 28
1
30 35 30 36
1
27 35 28 35
1
23 40 24 40
1
18 37 18 38
1
23 11 24 11
1
41 31 41 32
1
23 35 23 36
1
21 10 21 11
1
24 25 24 24
1
23 17 24 17
1
24 24 24 25
1
12 38 11 38
1
9 14 9 15
1
24 11 25 11
1
19 18 19 17
1
28 35 27 35
1
21 25 20 25
1
28 32 29 32
1
21 31 22 31
1
31 30 31 29
1
27 10 26 10
1
26 30 25 30
1
20 17 21 17
1
21 7 22 7
1
18 10 19 10
1
38 6 37 6
1
6 3 5 3
1
37 35 36 35
1
26 25 27 25
1
27 34 28 34
1
10 40 11 40
1
20 25 21 25
1
26 17 25 17
1
7 32 7 31
1
15 13 15 12
1
42 14 43 14
1
28 34 27 34
1
25 17 25 18
1
31 43 31 44
1
39 36 39 35
1
25 30 25 31
1
5 15 6 15
1
21 17 22 17
1
13 5 13 4
1
10 34 9 34
1
39 35 38 35
1
22 28 22 27
1
38 35 38 34
1
37 6 37 7
1
22 29 22 30
1
21 11 21 12
1
24 17 25 17
1
6 15 5 15
1
33 40 32 40
1
26 16 26 17
1
5 3 6 3
1
25 18 24 18
1
43 14 44 14
1
25 31 24 31
1
22 30 21 30
1
25 17 25 16
1
32 40 33 40
1
23 31 23 32
1
19 20 20 20
1
37 9 38 9
1
27 34 28 34
1
43 13 44 13
1
22 27 22 28
1
44 14 43 14
1
13 4 14 4
1
5 7 6 7
1
28 22 28 23
1
19 17 19 16
1
43 14 44 14
1
21 25 20 25
1
40 19 39 19
1
23 36 23 37
1
25 19 25 20
1
26 34 26 33
1
24 18 25 18
1
38 38 38 37
1
7 4 6 4
1
24 25 23 25
1
19 30 19 31
1
35 40 35 41
1
22 17 22 16
1
37 7 37 6
1
20 20 21 20
1
21 20 21 21
1
23 37 23 38
1
38 34 38 35
1
16 13 15 13
1
28 26 28 27
1
24 23 25 23
1
25 20 24 20
1
44 13 45 13
1
22 31 22 32
1
15 4 16 4
1
38 9 37 9
1
21 12 20 12
1
44 14 44 15
1
19 16 19 15
1
30 36 31 36
1
22 32 21 32
1
25 11 24 11
1
27 25 27 26
1
24 20 24 21
1
25 16 24 16
1
28 34 27 34
1
22 22 21 22
1
38 37 39 37
1
27 26 26 26
1
16 5 15 5
1
11 38 11 37
1
27 34 27 33
1
21 22 21 23
1
9 15 9 16
1
20 12 21 12
1
36 35 36 34
1
21 23 22 23
1
17 20 17 19
1
39 37 38 37
1
39 19 40 19
1
31 44 31 45
1
23 32 22 32
1
24 16 24 17
1
31 36 32 36
1
38 35 37 35
1
24 28 23 28
1
20 24 19 24
1
19 31 19 32
1
35 41 36 41
1
24 40 25 40
1
44 15 44 14
1
21 21 21 20
1
27 20 27 19
1
27 33 27 34
1
19 32 20 32
1
6 7 5 7
1
38 37 37 37
1
40 19 40 20
1
22 32 22 33
1
5 7 5 8
1
26 33 26 34
1
21 18 22 18
1
24 21 23 21
1
5 15 5 16
1
31 29 31 30
1
28 23 28 22
1
23 26 22 26
1
21 30 21 29
1
26 17 27 17
1
25 23 24 23
1
19 24 18 24
1
37 9 36 9
1
27 14 27 15
1
15 13 14 13
1
28 22 29 22
1
7 31 8 31
1
40 26 40 25
1
21 29 22 29
1
27 35 26 35
1
15 12 15 13
1
26 10 27 10
1
22 33 21 33
1
37 35 37 36
1
22 28 22 27
1
25 25 24 25
1
36 41 37 41
1
21 20 22 20
1
18 24 17 24
1
6 4 5 4
1
17 24 17 25
1
37 36 36 36
1
21 33 20 33
1
36 9 37 9
1
29 19 29 20
1
23 25 23 26
1
22 18 22 17
1
5 4 6 4
1
25 34 25 33
1
27 34 28 34
1
37 9 37 10
1
31 45 30 45
1
22 23 23 23
1
18 38 18 37
1
22 17 21 17
1
27 17 27 16
1
17 19 16 19
1
26 26 26 27
1
23 28 24 28
1
16 19 15 19
1
15 5 15 4
1
20 33 21 33
1
27 19 28 19
1
40 25 40 26
1
37 10 38 10
1
17 25 17 24
1
22 27 23 27
1
23 21 24 21
1
20 32 20 31
1
22 16 21 16
1
20 31 20 32
1
45 13 45 14
1
27 10 28 10
1
26 35 27 35
1
5 16 4 16
1
28 27 28 26
1
10 29 9 29
1
29 32 30 32
1
41 32 41 33
1
45 14 45 13
1
40 26 41 26
1
9 29 9 30
1
37 6 38 6
1
20 25 20 24
1
24 25 25 25
1
36 34 36 35
1
8 31 8 30
1
28 26 28 27
1
21 32 22 32
1
15 4 15 3
1
36 35 37 35
1
19 10 20 10
1
20 32 20 33
1
37 35 36 35
1
22 20 23 20
1
9 34 9 33
1
15 19 14 19
1
25 40 25 41
1
40 20 40 19
1
11 40 12 40
1
5 10 5 11
1
32 36 31 36
1
28 27 28 26
1
23 20 22 20
1
6 3 6 2
1
20 10 21 10
1
24 31 24 32
1
5 8 6 8
1
20 24 21 24
1
28 34 28 33
1
26 27 26 28
1
41 26 41 27
1
24 28 24 29
1
28 33 28 34
1
22 26 21 26
1
41 33 42 33
1
23 26 23 25
1
9 30 10 30
1
27 16 28 16
1
21 10 21 9
1
25 33 24 33
1
27 35 27 36
1
38 10 39 10
1
15 3 15 4
1
9 33 9 32
1
6 8 6 9
1
25 41 26 41
1
45 13 45 12
1
28 16 28 17
1
24 32 24 31
1
14 19 14 18
1
36 36 37 36
1
15 4 15 5
1
9 32 10 32
1
24 31 25 31
1
24 29 25 29
1
6 2 7 2
1
26 34 26 33
1
25 29 25 30
1
24 17 23 17
1
42 33 42 32
1
37 36 36 36
1
22 7 21 7
1
28 34 28 33
1
31 36 32 36
1
24 11 24 10
1
28 26 29 26
1
26 41 26 42
1
21 12 21 11
1
21 11 22 11
1
16 4 17 4
1
26 28 26 27
1
26 33 26 34
1
28 33 27 33
1
23 17 22 17
1
41 27 42 27
1
23 23 23 24
1
27 36 28 36
1
30 45 29 45
1
42 32 42 33
1
6 9 6 10
1
32 36 33 36
1
25 30 24 30
1
22 17 22 16
1
44 14 44 15
1
36 35 35 35
1
29 45 29 46
1
25 25 25 26
1
22 11 23 11
1
26 27 26 26
1
21 17 21 18
1
23 38 23 39
1
26 34 26 33
1
27 15 27 14
1
22 16 23 16
1
21 33 21 32
1
10 30 9 30
1
24 23 24 22
1
9 30 9 31
1
27 14 27 13
1
24 10 24 9
1
26 33 26 32
1
15 13 15 14
1
25 26 25 25
1
42 27 42 26
1
26 42 26 43
1
25 18 25 19
1
18 37 18 36
1
29 26 28 26
1
21 7 21 8
1
35 35 35 34
1
27 13 27 12
1
26 26 27 26
1
28 10 27 10
1
19 15 19 16
1
23 16 22 16
1
19 16 19 15
1
28 19 28 18
1
37 37 38 37
1
28 36 29 36
1
42 26 42 25
1
15 5 15 6
1
24 22 24 23
1
38 6 37 6
1
15 6 15 5
1
21 24 21 23
1
27 26 26 26
1
42 25 42 24
1
15 5 15 4
1
37 45 38 45
1
15 14 16 14
1
15 4 16 4
1
4 16 4 17
1
31 30 31 29
1
33 40 33 41
1
24 23 23 23
1
29 36 29 37
1
21 23 21 24
1
12 40 13 40
1
42 24 43 24
1
45 12 45 11
1
23 24 22 24
1
7 2 8 2
1
19 15 19 16
1
27 33 26 33
1
17 4 18 4
1
11 37 10 37
1
29 37 30 37
1
44 15 44 16
1
6 4 6 3
1
27 10 26 10
1
27 12 26 12
1
16 14 17 14
1
8 2 8 3
1
17 14 18 14
1
16 4 16 3
1
28 18 28 19
1
9 16 9 17
1
8 3 7 3
1
16 3 15 3
1
21 18 20 18
1
26 12 26 11
1
29 20 29 19
1
22 29 22 28
1
37 6 36 6
1
10 37 9 37
1
28 19 28 18
1
5 11 5 10
1
24 30 24 31
1
21 26 20 26
1
23 23 23 22
1
22 16 23 16
1
23 39 23 38
1
30 37 30 38
1
6 10 6 11
1
18 36 18 35
1
30 20 29 20
1
28 26 27 26
1
24 33 23 33
1
21 32 20 32
1
33 36 33 37
1
25 19 25 18
1
18 14 17 14
1
38 45 38 44
1
36 36 37 36
1
40 19 40 18
1
38 37 38 38
1
42 33 43 33
1
24 21 23 21
1
28 18 29 18
1
23 11 24 11
1
22 32 23 32
1
9 37 9 36
1
17 14 17 13
1
25 31 25 32
1
31 29 32 29
1
27 26 27 25
1
43 33 43 34
1
26 10 27 10
1
26 43 25 43
1
29 18 28 18
1
38 38 38 39
1
23 25 23 24
1
25 25 25 24
1
26 26 25 26
1
9 31 9 32
1
39 10 40 10
1
21 24 21 25
1
20 18 21 18
1
14 18 13 18
1
29 46 29 47
1
23 33 24 33
1
20 26 19 26
1
26 11 25 11
1
9 17 9 16
1
27 10 27 9
1
13 18 12 18
1
14 4 14 5
1
20 32 21 32
1
8 30 7 30
1
24 11 24 10
1
43 34 42 34
1
23 27 22 27
1
27 9 27 10
1
37 41 36 41
1
29 22 30 22
1
30 32 30 33
1
22 20 22 21
1
23 22 24 22
1
30 33 29 33
1
21 16 21 17
1
19 26 19 25
1
25 32 24 32
1
21 17 20 17
1
38 44 39 44
1
22 21 22 22
1
35 34 35 35
1
23 32 23 31
1
30 38 31 38
1
9 16 9 15
1
33 37 32 37
1
28 18 29 18
1
12 18 11 18
1
11 18 11 17
1
36 41 35 41
1
22 27 23 27
1
35 41 35 40
1
7 30 7 31
1
25 18 24 18
1
17 13 18 13
1
24 32 25 32
1
11 17 11 18
1
17 24 16 24
1
21 8 21 7
1
29 47 29 46
1
39 44 38 44
1
36 6 35 6
1
20 17 19 17
1
16 24 15 24
1
15 3 16 3
1
25 24 24 24
1
40 18 41 18
1
21 9 21 10
1
26 33 25 33
1
9 15 10 15
1
7 3 7 4
1
11 18 11 19
1
23 27 22 27
1
6 3 5 3
1
19 17 19 18
1
41 18 40 18
1
5 3 4 3
1
7 4 7 3
1
24 33 23 33
1
16 3 15 3
1
21 32 21 33
1
7 31 7 32
1
38 44 37 44
1
29 46 29 47
1
19 16 20 16
1
9 32 8 32
1
15 24 14 24
1
27 10 26 10
1
21 10 21 9
1
22 24 21 24
1
32 29 32 28
1
18 35 17 35
1
11 19 10 19
1
23 38 22 38
1
21 7 21 6
1
22 38 21 38
1
20 33 19 33
1
27 25 28 25
1
24 10 25 10
1
4 3 4 4
1
21 24 20 24
1
6 11 6 12
1
6 12 6 13
1
28 17 27 17
1
10 19 11 19
1
22 27 21 27
1
27 17 26 17
1
24 31 25 31
1
19 25 20 25
1
20 16 20 15
1
28 25 29 25
1
32 28 31 28
1
19 33 20 33
1
23 24 22 24
1
5 10 4 10
1
25 43 26 43
1
25 31 25 30
1
23 16 23 17
1
33 41 32 41
1
42 34 42 35
1
7 3 7 2
1
21 25 21 26
1
20 15 19 15
1
35 6 35 7
1
21 9 21 8
1
25 32 24 32
1
45 11 45 10
1
9 36 10 36
1
22 28 22 27
1
31 38 31 37
1
42 35 43 35
1
10 36 9 36
1
4 4 4 5
1
44 16 43 16
1
21 33 22 33
1
6 13 6 12
1
15 3 15 4
1
21 27 20 27
1
17 35 17 36
1
38 39 38 38
1
23 31 23 32
1
23 17 22 17
1
29 18 29 17
1
31 28 30 28
1
40 18 41 18
1
20 33 19 33
1
45 10 45 9
1
25 10 24 10
1
35 35 34 35
1
25 30 25 29
1
25 26 26 26
1
21 18 21 19
1
20 27 21 27
1
31 37 30 37
1
29 20 28 20
1
21 26 22 26
1
20 24 20 23
1
23 33 23 34
1
8 32 9 32
1
22 22 22 21
1
15 4 16 4
1
32 41 33 41
1
35 40 34 40
1
21 6 21 5
1
4 17 5 17
1
23 32 23 33
1
19 18 18 18
1
29 33 29 34
1
20 25 20 24
1
18 18 19 18
1
24 9 25 9
1
37 44 37 43
1
9 36 10 36
1
23 21 24 21
1
19 33 19 32
1
40 10 41 10
1
20 24 19 24
1
29 47 30 47
1
30 28 30 29
1
30 37 29 37
1
23 33 23 32
1
17 36 17 37
1
30 47 29 47
1
29 19 28 19
1
24 22 25 22
1
34 40 34 41
1
26 43 25 43
1
37 36 37 35
1
9 32 8 32
1
22 33 22 32
1
25 11 26 11
1
14 5 14 6
1
37 43 38 43
1
25 22 25 23
1
19 32 19 33
1
19 33 19 34
1
10 32 9 32
1
24 32 24 31
1
25 23 25 22
1
43 24 43 23
1
14 6 14 5
1
4 10 3 10
1
7 2 6 2
1
45 9 45 8
1
14 13 13 13
1
18 4 17 4
1
30 29 30 30
1
43 23 44 23
1
35 7 36 7
1
33 41 33 42
1
28 19 27 19
1
21 38 20 38
1
14 24 15 24
1
38 43 38 42
1
45 8 44 8
1
25 22 24 22
1
26 11 27 11
1
29 34 28 34
1
37 35 38 35
1
29 37 29 38
1
9 32 9 31
1
22 24 22 25
1
30 30 31 30
1
26 17 26 18
1
22 32 21 32
1
34 35 35 35
1
24 18 25 18
1
20 38 19 38
1
21 27 21 28
1
22 26 21 26
1
43 35 42 35
1
5 17 5 16
1
23 34 24 34
1
24 34 23 34
1
27 11 28 11
1
27 19 28 19
1
25 43 25 44
1
25 18 25 17
1
19 24 19 25
1
28 11 27 11
1
29 25 29 26
1
22 25 22 26
1
32 37 31 37
1
25 29 24 29
1
3 10 2 10
1
43 16 42 16
1
42 35 41 35
1
30 22 29 22
1
22 21 23 21
1
29 47 30 47
1
11 19 11 18
1
4 5 3 5
1
29 22 30 22
1
24 24 24 23
1
38 35 38 34
1
24 22 25 22
1
31 37 31 38
1
38 34 37 34
1
26 26 25 26
1
22 26 22 25
1
36 7 37 7
1
24 23 23 23
1
20 23 19 23
1
22 27 22 28
1
22 28 22 27
1
44 8 44 9
1
19 34 20 34
1
19 15 19 16
1
38 42 37 42
1
23 23 23 24
1
6 2 6 1
1
37 7 37 8
1
23 34 23 33
1
24 29 23 29
1
11 18 12 18
1
7 32 7 33
1
28 20 28 21
1
7 33 7 34
1
37 8 38 8
1
29 17 29 16
1
28 19 28 18
1
22 27 22 28
1
21 8 20 8
1
24 10 24 9
1
23 33 24 33
1
23 29 23 30
1
27 11 27 12
1
21 32 20 32
1
18 13 17 13
1
38 8 39 8
1
25 22 26 22
1
19 25 20 25
1
13 13 14 13
1
24 21 24 20
1
24 33 24 32
1
41 18 41 17
1
38 38 38 39
1
25 9 25 8
1
37 42 37 41
1
26 10 26 11
1
26 18 27 18
1
23 24 22 24
1
22 17 23 17
1
21 28 21 27
1
2 10 2 9
1
25 33 26 33
1
26 11 26 12
1
21 5 22 5
1
22 5 22 4
1
41 17 41 16
1
26 12 25 12
1
37 41 37 42
1
28 21 28 22
1
41 35 41 36
1
37 42 36 42
1
20 8 21 8
1
29 26 29 27
1
21 27 22 27
1
14 5 15 5
1
16 4 15 4
1
2 9 2 8
1
17 37 16 37
1
25 8 25 7
1
41 16 40 16
1
42 16 42 15
1
41 36 41 35
1
25 12 24 12
1
8 32 8 31
1
21 19 20 19
1
8 31 8 30
1
15 5 14 5
1
25 44 25 45
1
23 17 24 17
1
6 12 7 12
1
24 12 23 12
1
17 13 17 14
1
16 37 16 36
1
28 34 29 34
1
24 31 25 31
1
24 9 23 9
1
27 18 27 19
1
23 32 23 31
1
16 36 15 36
1
22 28 22 29
1
21 26 21 25
1
26 22 25 22
1
37 34 38 34
1
24 17 23 17
1
20 25 20 26
1
26 32 25 32
1
39 8 39 7
1
3 5 4 5
1
20 19 20 18
1
20 18 20 19
1
25 45 24 45
1
5 16 6 16
1
15 4 16 4
1
17 14 18 14
1
22 29 23 29
1
24 20 23 20
1
10 15 9 15
1
34 41 33 41
1
23 20 22 20
1
25 7 24 7
1
27 19 26 19
1
31 38 31 37
1
14 13 14 14
1
33 41 34 41
1
7 34 7 35
1
6 16 7 16
1
42 15 42 16
1
24 32 23 32
1
31 37 32 37
1
25 22 25 23
1
20 19 20 20
1
10 36 9 36
1
23 21 23 22
1
25 31 26 31
1
20 20 20 19
1
25 17 24 17
1
14 5 14 6
1
17 4 18 4
1
36 42 37 42
1
34 41 33 41
1
40 16 40 17
1
20 34 21 34
1
20 32 20 33
1
20 19 21 19
1
29 16 30 16
1
18 4 18 3
1
15 24 16 24
1
22 25 23 25
1
40 17 39 17
1
41 35 40 35
1
28 18 29 18
1
35 35 34 35
1
44 23 43 23
1
23 17 23 16
1
44 9 44 8
1
9 15 10 15
1
34 35 33 35
1
39 17 40 17
1
26 19 26 18
1
21 8 21 7
1
42 16 42 17
1
25 23 25 24
1
22 24 22 23
1
6 1 7 1
1
14 14 14 15
1
25 26 26 26
1
42 17 42 18
1
23 32 22 32
1
2 8 3 8
1
38 34 38 33
1
19 38 19 37
1
31 30 31 29
1
14 6 14 7
1
21 7 22 7
1
7 35 7 36
1
19 16 20 16
1
40 17 41 17
1
13 40 13 39
1
21 34 20 34
1
29 27 28 27
1
16 24 16 23
1
43 23 42 23
1
23 16 23 15
1
22 32 22 31
1
28 22 29 22
1
26 33 25 33
1
7 16 8 16
1
13 39 14 39
1
15 36 15 37
1
26 26 27 26
1
38 33 38 34
1
23 12 23 13
1
3 8 3 9
1
30 16 29 16
1
25 32 24 32
1
29 38 30 38
1
7 1 6 1
1
29 16 28 16
1
24 7 24 8
1
20 34 21 34
1
23 31 23 32
1
29 34 29 33
1
29 22 29 21
1
16 23 16 24
1
37 42 37 43
1
23 30 23 31
1
24 32 25 32
1
3 9 3 8
1
21 34 21 35
1
9 31 9 32
1
39 7 38 7
1
20 33 21 33
1
22 4 23 4
1
23 4 22 4
1
22 4 22 5
1
32 37 31 37
1
12 18 13 18
1
4 5 3 5
1
23 13 23 12
1
7 36 8 36
1
22 20 21 20
1
40 35 41 35
1
19 23 19 24
1
19 24 18 24
1
16 4 15 4
1
23 32 22 32
1
38 34 38 33
1
41 35 41 34
1
44 8 44 7
1
26 18 26 17
1
26 31 26 30
1
33 42 32 42
1
3 5 2 5
1
3 8 3 9
1
23 25 23 24
1
23 12 23 11
1
41 17 40 17
1
37 43 38 43
1
22 23 21 23
1
33 41 32 41
1
40 17 40 18
1
14 15 14 14
1
8 36 7 36
1
9 36 10 36
1
10 15 9 15
1
20 26 20 25
1
21 35 20 35
1
15 37 15 36
1
28 16 27 16
1
40 18 41 18
1
21 19 21 18
1
25 24 25 25
1
30 38 29 38
1
19 37 19 38
1
19 38 20 38
1
20 25 19 25
1
33 35 33 36
1
24 45 24 44
1
10 36 10 35
1
21 18 20 18
1
15 36 14 36
1
19 25 19 26
1
38 33 38 32
1
16 24 16 23
1
14 39 15 39
1
7 36 8 36
1
44 7 43 7
1
22 7 22 8
1
38 43 37 43
1
38 7 39 7
1
27 16 28 16
1
23 11 24 11
1
20 35 19 35
1
30 47 30 46
1
6 1 6 2
1
18 14 19 14
1
8 30 9 30
1
41 18 41 17
1
21 33 21 32
1
2 5 2 6
1
38 32 38 31
1
14 14 15 14
1
10 35 10 34
1
19 26 20 26
1
14 7 14 8
1
23 15 23 14
1
41 17 40 17
1
7 12 8 12
1
20 38 20 39
1
31 29 31 30
1
38 39 37 39
1
9 30 9 31
1
41 34 40 34
1
29 21 29 20
1
23 24 24 24
1
16 23 16 24
1
8 36 9 36
1
22 31 21 31
1
18 3 19 3
1
19 35 19 36
1
23 22 23 23
1
9 31 9 30
1
18 24 19 24
1
16 24 17 24
1
24 17 23 17
1
23 9 24 9
1
15 14 16 14
1
31 37 30 37
1
3 9 2 9
1
22 5 22 4
1
38 31 37 31
1
27 26 27 25
1
14 8 13 8
1
9 32 8 32
1
21 20 21 21
1
30 22 31 22
1
19 18 18 18
1
28 16 28 15
1
19 14 18 14
1
24 11 23 11
1
21 23 22 23
1
9 30 9 29
1
20 39 19 39
1
28 15 29 15
1
29 15 29 16
1
22 32 22 33
1
2 6 2 5
1
21 21 20 21
1
37 39 37 40
1
8 16 8 15
1
27 25 27 26
1
30 46 30 47
1
22 23 21 23
1
13 8 13 9
1
20 26 20 27
1
23 14 24 14
1
43 7 43 6
1
17 24 16 24
1
19 3 19 2
1
18 14 17 14
1
29 33 29 32
1
20 16 21 16
1
21 23 22 23
1
22 8 23 8
1
29 38 29 39
1
9 15 9 16
1
21 32 21 33
1
24 9 25 9
1
25 9 25 8
1
25 8 25 7
1
22 33 22 34
1
8 32 8 33
1
31 22 31 23
1
9 16 8 16
1
23 17 22 17
1
24 24 23 24
1
42 23 42 24
1
40 34 40 35
1
9 36 9 37
1
20 18 20 19
1
25 32 26 32
1
25 25 24 25
1
23 8 23 7
1
37 31 37 32
1
9 37 8 37
1
19 39 18 39
1
13 18 14 18
1
15 39 15 38
1
24 14 24 15
1
41 10 41 9
1
21 25 22 25
1
29 39 29 38
1
22 23 21 23
1
9 29 9 30
1
37 32 37 33
1
2 9 2 10
1
42 24 41 24
1
41 24 41 23
1
8 33 9 33
1
23 24 23 25
1
2 5 2 4
1
9 33 8 33
1
16 24 17 24
1
18 18 19 18
1
25 7 25 8
1
23 31 23 32
1
20 21 20 22
1
14 36 13 36
1
14 18 14 19
1
10 34 10 35
1
25 33 25 34
1
21 33 20 33
1
41 23 41 24
1
30 47 30 46
1
23 11 24 11
1
20 22 20 21
1
2 4 1 4
1
17 14 18 14
1
23 32 22 32
1
29 32 29 31
1
24 25 24 26
1
27 26 28 26
1
21 16 21 15
1
20 19 20 18
1
22 17 22 18
1
8 12 8 11
1
24 26 23 26
1
21 31 21 30
1
32 41 33 41
1
28 26 29 26
1
42 18 43 18
1
33 36 32 36
1
9 30 8 30
1
22 18 22 19
1
19 36 18 36
1
8 33 8 32
1
21 30 21 31
1
39 7 40 7
1
23 23 22 23
1
19 18 19 17
1
17 24 18 24
1
20 27 21 27
1
22 27 22 26
1
29 20 28 20
1
27 12 26 12
1
8 11 8 10
1
14 19 14 20
1
21 27 22 27
1
18 36 18 35
1
21 23 21 22
1
37 43 37 44
1
22 19 21 19
1
21 19 21 18
1
6 2 5 2
1
13 36 13 37
1
41 24 42 24
1
23 25 23 24
1
20 33 21 33
1
22 4 23 4
1
24 11 24 10
1
5 2 5 3
1
22 26 21 26
1
29 16 29 15
1
2 10 3 10
1
32 42 31 42
1
26 30 27 30
1
20 18 19 18
1
21 15 21 16
1
23 26 22 26
1
37 33 36 33
1
43 18 44 18
1
42 24 42 23
1
31 23 30 23
1
22 26 23 26
1
40 17 39 17
1
24 15 24 16
1
42 23 42 22
1
30 46 31 46
1
8 15 9 15
1
26 17 26 18
1
15 38 16 38
1
23 7 23 8
1
28 20 28 19
1
8 32 8 33
1
22 34 22 33
1
37 40 38 40
1
26 32 25 32
1
29 26 30 26
1
10 35 11 35
1
30 37 30 38
1
31 46 31 45
1
30 23 29 23
1
42 22 41 22
1
36 33 37 33
1
18 14 17 14
1
19 18 19 19
1
20 21 21 21
1
43 6 43 5
1
19 17 19 18
1
22 27 22 26
1
22 32 21 32
1
18 24 18 25
1
43 5 43 6
1
25 32 26 32
1
13 37 13 38
1
31 30 31 29
1
30 38 31 38
1
24 8 24 9
1
28 19 29 19
1
5 3 5 2
1
40 35 39 35
1
23 29 23 28
1
25 34 26 34
1
22 26 22 27
1
8 33 8 32
1
29 19 30 19
1
26 32 26 33
1
26 34 26 35
1
22 25 21 25
1
39 35 39 34
1
37 33 36 33
1
29 18 29 17
1
26 35 25 35
1
28 27 27 27
1
30 19 30 20
1
13 38 13 37
1
3 10 2 10
1
25 8 25 9
1
41 22 42 22
1
24 9 24 8
1
31 38 31 37
1
11 35 10 35
1
31 29 30 29
1
30 29 31 29
1
37 44 37 45
1
39 34 39 35
1
25 35 24 35
1
21 33 20 33
1
17 14 18 14
1
21 25 21 24
1
20 33 21 33
1
23 24 22 24
1
26 33 26 34
1
41 9 42 9
1
24 8 24 9
1
30 20 30 21
1
22 27 22 26
1
26 18 26 19
1
8 10 8 9
1
29 17 29 18
1
26 19 25 19
1
26 12 26 11
1
32 36 32 35
1
36 33 35 33
1
8 16 9 16
1
44 18 43 18
1
19 18 19 17
1
23 8 23 9
1
39 17 40 17
1
9 16 9 17
1
21 26 20 26
1
22 23 21 23
1
42 9 42 10
1
31 45 31 46
1
10 35 10 34
1
18 14 17 14
1
24 16 24 15
1
31 46 30 46
1
21 31 20 31
1
21 23 22 23
1
19 17 19 16
1
21 24 20 24
1
18 39 17 39
1
8 9 9 9
1
22 23 22 22
1
24 9 24 8
1
25 9 26 9
1
5 2 5 3
1
24 10 24 11
1
32 35 32 36
1
39 35 39 36
1
9 15 9 14
1
27 27 28 27
1
21 16 21 15
1
31 37 32 37
1
26 9 27 9
1
39 36 38 36
1
38 36 37 36
1
27 30 27 29
1
18 35 18 36
1
14 20 14 19
1
17 39 16 39
1
21 21 21 20
1
24 15 23 15
1
2 10 2 11
1
23 26 23 27
1
17 14 17 13
1
37 45 38 45
1
1 4 2 4
1
21 32 20 32
1
13 9 12 9
1
21 22 21 21
1
29 38 29 37
1
19 16 19 15
1
2 4 1 4
1
28 27 28 28
1
10 34 10 33
1
27 9 28 9
1
25 19 26 19
1
38 40 39 40
1
35 33 36 33
1
13 37 13 36
1
36 33 36 34
1
23 27 22 27
1
24 11 23 11
1
29 31 29 30
1
40 17 40 16
1
9 9 8 9
1
31 29 31 30
1
23 28 22 28
1
15 4 15 3
1
29 15 28 15
1
8 30 9 30
1
43 18 42 18
1
22 22 22 21
1
8 9 8 10
1
24 44 24 45
1
23 11 23 12
1
8 37 9 37
1
36 34 36 35
1
20 24 20 25
1
20 25 21 25
1
27 29 27 28
1
20 31 19 31
1
26 19 26 20
1
17 13 17 14
1
24 35 24 36
1
9 37 9 38
1
9 14 8 14
1
2 11 2 12
1
19 24 18 24
1
37 36 37 37
1
23 12 23 13
1
36 35 36 34
1
30 21 30 22
1
26 11 25 11
1
16 39 16 40
1
17 14 18 14
1
10 33 10 32
1
31 30 32 30
1
21 25 22 25
1
20 32 20 33
1
43 6 43 5
1
2 12 2 11
1
20 33 19 33
1
23 9 22 9
1
8 10 8 11
1
29 30 28 30
1
15 3 14 3
1
40 7 40 8
1
21 20 21 19
1
8 32 9 32
1
28 30 28 31
1
18 24 17 24
1
42 22 43 22
1
10 32 10 33
1
19 2 18 2
1
28 31 28 30
1
18 14 19 14
1
28 30 27 30
1
16 38 15 38
1
36 34 37 34
1
21 19 21 20
1
21 15 21 16
1
19 15 19 16
1
23 4 23 3
1
9 32 8 32
1
37 34 37 35
1
19 16 20 16
1
38 45 37 45
1
14 19 15 19
1
18 25 19 25
1
10 33 10 32
1
12 9 12 8
1
22 25 23 25
1
5 3 6 3
1
21 20 22 20
1
20 16 20 15
1
37 35 36 35
1
22 24 23 24
1
26 34 26 33
1
22 33 23 33
1
13 36 12 36
1
21 21 21 22
1
33 41 32 41
1
15 38 15 39
1
8 14 9 14
1
24 8 24 9
1
37 45 36 45
1
21 18 21 19
1
27 30 28 30
1
24 36 23 36
1
32 30 33 30
1
40 16 40 17
1
31 42 31 41
1
30 22 30 21
1
12 8 11 8
1
16 40 16 39
1
19 25 19 26
1
24 45 25 45
1
2 11 3 11
1
24 9 25 9
1
9 30 9 31
1
31 41 31 40
1
14 3 14 4
1
32 36 31 36
1
11 8 11 7
1
23 3 24 3
1
37 37 38 37
1
30 26 29 26
1
9 17 8 17
1
40 17 40 16
1
20 26 20 27
1
23 36 23 35
1
40 16 41 16
1
25 45 25 46
1
19 33 20 33
1
23 13 24 13
1
21 19 21 20
1
24 3 24 4
1
16 39 16 38
1
11 7 11 6
1
9 14 10 14
1
22 28 23 28
1
14 4 14 5
1
41 16 41 15
1
29 37 29 38
1
6 3 5 3
1
22 21 21 21
1
19 26 19 27
1
12 36 12 37
1
20 15 20 16
1
3 11 3 12
1
42 10 42 11
1
31 40 32 40
1
32 41 33 41
1
25 11 25 12
1
28 9 28 8
1
29 26 30 26
1
31 36 31 37
1
24 13 24 12
1
23 28 22 28
1
32 40 32 41
1
27 28 26 28
1
23 33 24 33
1
25 46 25 47
1
19 14 20 14
1
11 6 11 5
1
16 14 16 13
1
31 37 31 38
1
21 20 21 19
1
30 21 31 21
1
22 9 23 9
1
21 21 20 21
1
20 27 20 28
1
24 12 24 13
1
36 45 37 45
1
8 11 8 10
1
10 14 10 15
1
5 3 6 3
1
30 26 30 27
1
29 38 28 38
1
26 33 26 32
1
28 15 28 16
1
22 26 23 26
1
23 9 23 10
1
21 19 20 19
1
23 35 23 34
1
25 47 26 47
1
23 26 23 27
1
3 12 3 13
1
19 27 20 27
1
32 41 32 42
1
23 34 24 34
1
20 16 19 16
1
21 22 20 22
1
8 10 9 10
1
37 45 36 45
1
18 2 18 3
1
31 21 31 22
1
20 33 20 32
1
30 27 30 28
1
20 19 20 18
1
24 34 24 35
1
32 42 32 43
1
39 40 40 40
1
26 20 25 20
1
24 35 24 34
1
12 37 11 37
1
28 28 27 28
1
28 16 27 16
1
28 8 28 7
1
40 8 39 8
1
10 15 10 16
1
24 34 23 34
1
42 11 43 11
1
20 22 19 22
1
24 4 24 5
1
6 3 6 4
1
29 23 29 24
1
11 37 11 38
1
20 28 19 28
1
21 16 22 16
1
1 4 2 4
1
19 22 20 22
1
40 40 39 40
1
20 32 20 33
1
9 31 8 31
1
10 16 10 15
1
31 22 31 21
1
19 19 20 19
1
24 33 24 34
1
28 38 28 37
1
8 17 9 17
1
22 16 22 17
1
20 19 19 19
1
19 19 19 20
1
39 8 39 9
1
36 45 36 44
1
29 18 30 18
1
28 7 28 8
1
17 24 17 25
1
42 18 42 17
1
18 3 18 2
1
2 4 1 4
1
33 30 34 30
1
26 28 26 29
1
16 38 16 39
1
16 39 16 38
1
9 10 9 11
1
38 37 37 37
1
39 9 39 10
1
25 12 24 12
1
23 24 23 23
1
14 5 15 5
1
22 20 22 21
1
22 28 22 29
1
20 14 21 14
1
33 41 34 41
1
20 33 20 32
1
21 14 22 14
1
24 34 24 35
1
20 18 20 19
1
9 11 10 11
1
23 27 23 26
1
10 32 9 32
1
20 27 19 27
1
23 26 22 26
1
16 38 17 38
1
30 46 29 46
1
43 11 42 11
1
19 20 18 20
1
15 5 15 4
1
24 5 24 6
1
25 9 26 9
1
26 9 25 9
1
25 9 25 8
1
1 4 1 5
1
3 13 3 14
1
20 21 19 21
1
29 46 29 45
1
24 12 25 12
1
37 37 37 36
1
28 37 27 37
1
16 13 17 13
1
31 38 32 38
1
31 21 31 22
1
18 2 18 3
1
19 16 19 17
1
24 35 25 35
1
19 21 19 22
1
15 39 15 38
1
8 31 8 30
1
29 45 29 46
1
23 25 22 25
1
22 17 23 17
1
23 15 23 16
1
23 10 23 11
1
15 19 16 19
1
19 27 20 27
1
30 28 31 28
1
19 22 19 23
1
6 4 5 4
1
19 17 19 16
1
16 19 16 20
1
19 31 19 32
1
9 38 9 39
1
17 38 17 39
1
23 17 23 18
1
21 33 21 32
1
36 35 35 35
1
22 14 22 13
1
27 37 27 36
1
28 8 29 8
1
18 3 18 2
1
23 11 23 10
1
23 18 23 19
1
9 17 8 17
1
23 10 22 10
1
20 22 20 21
1
17 25 16 25
1
32 43 33 43
1
25 35 25 34
1
25 8 24 8
1
8 17 8 16
1
31 22 31 21
1
30 18 30 17
1
29 8 29 9
1
32 38 33 38
1
23 19 22 19
1
20 32 20 31
1
1 5 1 4
1
43 5 43 6
1
22 29 22 30
1
10 15 10 16
1
34 41 35 41
1
39 10 38 10
1
16 25 17 25
1
37 36 37 35
1
22 21 23 21
1
25 12 25 11
1
29 9 28 9
1
20 19 21 19
1
16 20 17 20
1
10 16 10 17
1
3 14 4 14
1
17 13 18 13
1
34 30 34 29
1
29 24 29 25
1
42 17 43 17
1
33 43 33 42
1
43 22 44 22
1
26 47 26 46
1
11 5 12 5
1
21 32 22 32
1
38 10 39 10
1
28 30 27 30
1
27 28 26 28
1
15 4 15 3
1
24 6 25 6
1
21 19 20 19
1
44 22 43 22
1
1 4 2 4
1
11 38 11 37
1
5 4 5 3
1
29 25 29 26
1
23 21 22 21
1
9 32 10 32
1
10 11 9 11
1
33 42 34 42
1
26 29 25 29
1
22 32 22 31
1
43 17 44 17
1
34 42 33 42
1
22 25 23 25
1
22 19 23 19
1
33 38 34 38
1
23 19 22 19
1
22 13 22 14
1
39 10 40 10
1
22 27 23 27
1
31 28 30 28
1
17 39 17 38
1
23 23 24 23
1
19 32 19 31
1
15 38 15 37
1
4 14 5 14
1
24 23 24 22
1
15 3 15 4
1
31 21 30 21
1
41 15 40 15
1
42 11 42 12
1
24 13 24 12
1
44 17 45 17
1
26 46 27 46
1
33 42 32 42
1
29 26 29 27
1
17 38 16 38
1
11 37 11 38
1
25 29 24 29
1
29 27 29 28
1
23 16 22 16
1
18 13 19 13
1
26 28 27 28
1
27 30 27 31
1
32 37 32 38
1
30 17 30 16
1
20 27 19 27
1
30 28 30 29
1
35 35 36 35
1
22 19 22 20
1
27 46 27 45
1
27 31 28 31
1
22 10 23 10
1
40 10 40 11
1
18 2 18 3
1
35 41 34 41
1
2 4 2 3
1
25 11 26 11
1
15 37 15 36
1
19 23 19 24
1
37 35 38 35
1
10 17 10 16
1
23 25 23 26
1
8 32 9 32
1
22 16 23 16
1
28 9 29 9
1
5 14 5 13
1
11 38 12 38
1
15 36 15 37
1
18 36 18 37
1
26 11 27 11
1
23 10 23 9
1
23 9 24 9
1
22 26 22 25
1
23 26 22 26
1
15 4 15 3
1
20 31 20 32
1
10 32 10 31
1
12 5 12 4
1
42 12 43 12
1
5 3 5 4
1
28 31 29 31
1
15 3 16 3
1
20 19 21 19
1
15 37 15 38
1
10 31 10 30
1
22 21 22 22
1
26 32 25 32
1
19 24 19 25
1
23 34 24 34
1
24 34 24 35
1
24 22 24 21
1
20 32 20 33
1
24 35 24 34
1
18 37 17 37
1
34 38 33 38
1
24 9 25 9
1
2 3 2 4
1
30 16 30 17
1
9 11 9 12
1
24 8 24 9
1
8 30 9 30
1
27 16 27 17
1
36 44 35 44
1
25 20 26 20
1
25 32 25 31
1
34 29 34 28
1
23 16 23 15
1
21 19 22 19
1
17 20 16 20
1
22 31 21 31
1
16 3 17 3
1
40 11 40 12
1
20 33 21 33
1
45 17 45 16
1
27 28 26 28
1
8 16 8 17
1
19 25 20 25
1
38 35 39 35
1
29 9 28 9
1
5 13 5 14
1
25 31 24 31
1
18 3 18 2
1
22 20 22 21
1
22 26 22 27
1
24 9 24 10
1
10 16 10 15
1
20 25 21 25
1
9 12 9 13
1
16 38 16 39
1
40 15 40 14
1
34 41 34 42
1
19 13 20 13
1
30 29 30 28
1
27 11 26 11
1
29 31 30 31
1
18 2 18 3
1
16 39 16 40
1
17 25 18 25
1
21 33 20 33
1
36 35 37 35
1
17 37 16 37
1
15 38 16 38
1
19 16 20 16
1
10 15 11 15
1
40 12 40 11
1
22 14 23 14
1
27 36 27 37
1
24 12 24 13
1
27 37 28 37
1
20 33 20 32
1
28 37 28 38
1
16 37 17 37
1
34 42 34 41
1
32 38 31 38
1
45 16 45 15
1
10 30 10 31
1
8 17 8 16
1
17 37 16 37
1
25 9 26 9
1
17 3 17 4
1
22 30 22 31
1
17 4 17 3
1
24 34 23 34
1
28 38 29 38
1
22 31 22 30
1
23 34 23 35
1
26 20 27 20
1
31 38 31 39
1
24 29 24 28
1
20 13 21 13
1
27 45 28 45
1
32 42 32 41
1
19 27 18 27
1
27 17 27 16
1
22 27 22 26
1
8 16 7 16
1
16 38 16 39
1
12 38 12 37
1
22 30 22 31
1
39 35 39 34
1
18 3 18 2
1
24 10 25 10
1
20 16 20 17
1
28 45 29 45
1
29 38 29 39
1
18 27 18 28
1
30 28 30 27
1
29 28 29 27
1
21 31 20 31
1
16 39 15 39
1
43 22 42 22
1
9 13 9 14
1
20 17 21 17
1
15 39 15 40
1
42 22 42 21
1
10 31 10 30
1
34 41 35 41
1
26 9 25 9
1
37 35 36 35
1
28 9 27 9
1
22 22 23 22
1
23 14 24 14
1
16 40 16 39
1
27 20 27 21
1
45 15 44 15
1
25 10 26 10
1
22 31 21 31
1
22 19 22 20
1
22 20 21 20
1
16 20 15 20
1
26 10 27 10
1
36 35 36 34
1
21 25 20 25
1
2 4 1 4
1
5 4 6 4
1
16 39 16 38
1
7 16 8 16
1
35 44 36 44
1
29 27 28 27
1
27 21 27 22
1
16 37 17 37
1
25 9 25 8
1
22 26 22 27
1
17 37 16 37
1
15 20 15 21
1
39 34 39 35
1
27 10 26 10
1
12 37 13 37
1
11 15 12 15
1
36 44 36 45
1
40 14 41 14
1
21 20 22 20
1
16 38 15 38
1
25 34 25 35
1
13 37 13 38
1
19 28 20 28
1
39 40 39 39
1
40 11 40 12
1
20 31 20 30
1
33 38 33 39
1
18 25 17 25
1
41 14 41 13
1
17 25 16 25
1
21 31 22 31
1
15 21 14 21
1
40 12 41 12
1
22 31 22 32
1
6 4 5 4
1
24 21 23 21
1
12 4 12 3
1
24 13 25 13
1
36 45 36 44
1
21 13 20 13
1
27 22 27 23
1
25 13 26 13
1
9 30 8 30
1
20 25 20 26
1
26 10 27 10
1
9 14 9 15
1
33 39 33 38
1
5 14 5 15
1
23 27 24 27
1
14 21 14 20
1
20 26 20 27
1
25 8 26 8
1
20 13 20 14
1
27 16 27 17
1
24 31 24 30
1
23 22 24 22
1
27 23 26 23
1
34 28 35 28
1
39 39 39 40
1
27 9 27 8
1
9 15 8 15
1
26 8 26 9
1
26 11 26 10
1
24 28 23 28
1
35 41 36 41
1
5 15 5 14
1
24 14 23 14
1
20 14 20 13
1
23 15 23 16
1
18 20 18 19
1
12 15 13 15
1
36 44 37 44
1
15 38 14 38
1
29 39 29 38
1
18 2 18 3
1
44 15 44 16
1
33 38 33 39
1
20 13 20 12
1
23 16 23 15
1
27 17 27 18
1
25 6 24 6
1
14 38 15 38
1
26 28 27 28
1
24 30 25 30
1
22 32 22 33
1
12 3 12 2
1
25 30 25 31
1
20 12 20 13
1
20 28 21 28
1
35 28 35 27
1
24 27 23 27
1
30 21 30 22
1
35 27 35 28
1
21 28 22 28
1
20 13 21 13
1
20 21 20 22
1
27 10 28 10
1
23 14 23 13
1
29 46 28 46
1
39 35 38 35
1
20 22 19 22
1
24 22 23 22
1
25 31 25 30
1
20 32 19 32
1
13 38 14 38
1
14 38 14 39
1
25 30 24 30
1
36 34 37 34
1
25 35 24 35
1
21 17 21 16
1
16 37 16 38
1
19 22 18 22
1
26 13 26 12
1
17 3 16 3
1
30 22 31 22
1
1 4 1 3
1
9 32 9 31
1
29 38 30 38
1
26 10 27 10
1
27 18 26 18
1
36 41 36 42
1
43 6 43 5
1
18 19 18 18
1
26 12 25 12
1
36 42 35 42
1
22 25 23 25
1
23 27 23 26
1
30 31 30 30
1
37 44 37 45
1
16 38 16 39
1
12 2 11 2
1
25 12 26 12
1
18 3 18 4
1
28 27 27 27
1
27 10 26 10
1
20 30 20 31
1
8 16 7 16
1
23 35 23 36
1
32 41 32 42
1
18 4 18 3
1
43 12 43 13
1
5 14 5 15
1
41 13 41 14
1
27 28 27 29
1
38 35 39 35
1
30 27 30 28
1
30 28 31 28
1
18 28 18 29
1
8 30 7 30
1
26 12 26 13
1
11 2 10 2
1
28 10 29 10
1
9 39 9 40
1
41 12 40 12
1
35 42 35 41
1
16 39 16 38
1
32 42 33 42
1
24 6 23 6
1
39 40 39 41
1
23 22 22 22
1
29 10 29 11
1
10 2 10 3
1
14 20 13 20
1
29 11 28 11
1
26 10 27 10
1
18 22 18 23
1
15 40 14 40
1
40 12 40 11
1
37 34 38 34
1
21 16 20 16
1
16 3 17 3
1
21 13 21 12
1
20 27 20 28
1
22 27 21 27
1
9 40 9 39
1
37 45 38 45
1
18 29 19 29
1
5 4 4 4
1
29 45 30 45
1
24 30 25 30
1
15 38 14 38
1
7 16 7 15
1
14 39 15 39
1
40 11 40 12
1
21 12 20 12
1
35 28 34 28
1
8 15 9 15
1
23 26 23 27
1
23 27 22 27
1
10 30 10 29
1
26 18 25 18
1
18 3 18 4
1
27 29 27 28
1
13 15 14 15
1
22 22 21 22
1
10 29 9 29
1
20 12 21 12
1
26 23 26 24
1
22 21 21 21
1
38 34 38 35
1
23 28 24 28
1
9 31 9 30
1
9 39 8 39
1
38 35 38 34
1
19 32 20 32
1
14 38 15 38
1
26 9 26 10
1
23 21 23 20
1
16 25 15 25
1
30 45 29 45
1
15 38 14 38
1
29 45 29 46
1
26 10 26 9
1
7 15 7 14
1
35 41 35 42
1
20 16 20 17
1
38 34 38 33
1
28 46 28 47
1
19 29 19 28
1
22 27 22 26
1
23 20 24 20
1
20 28 20 27
1
21 21 22 21
1
18 18 18 19
1
13 20 13 21
1
23 6 24 6
1
9 15 10 15
1
43 5 42 5
1
25 30 25 29
1
31 39 30 39
1
24 35 24 34
1
27 28 28 28
1
18 19 18 20
1
9 29 9 28
1
20 32 21 32
1
25 18 25 19
1
28 11 28 10
1
26 9 26 10
1
10 15 10 14
1
25 19 25 18
1
15 25 16 25
1
27 8 27 7
1
39 41 40 41
1
22 28 22 27
1
38 45 38 46
1
40 41 40 40
1
27 10 27 11
1
19 31 19 30
1
28 47 27 47
1
14 38 14 39
1
27 7 27 8
1
7 14 6 14
1
23 15 24 15
1
22 27 22 28
1
24 28 24 29
1
21 32 20 32
1
27 11 27 12
1
42 21 41 21
1
30 38 31 38
1
4 4 4 3
1
20 32 20 33
1
24 34 24 33
1
30 39 29 39
1
10 3 9 3
1
31 38 31 39
1
30 30 30 29
1
29 39 29 38
1
8 39 8 38
1
27 8 27 9
1
21 22 22 22
1
40 40 40 41
1
19 28 19 29
1
24 15 23 15
1
26 24 25 24
1
29 46 28 46
1
22 20 23 20
1
22 26 23 26
1
19 29 18 29
1
28 28 29 28
1
43 13 44 13
1
9 3 9 2
1
29 38 29 39
1
9 28 10 28
1
41 14 42 14
1
7 30 6 30
1
22 21 23 21
1
30 17 30 16
1
29 28 28 28
1
40 41 41 41
1
27 47 28 47
1
18 4 17 4
1
18 23 17 23
1
42 5 42 6
1
22 28 22 27
1
24 29 24 30
1
15 39 15 40
1
23 26 22 26
1
15 40 15 39
1
1 3 2 3
1
16 38 15 38
1
40 12 41 12
1
34 28 33 28
1
25 18 25 17
1
28 46 29 46
1
20 17 19 17
1
17 23 17 24
1
9 2 9 3
1
28 28 27 28
1
22 22 22 21
1
14 40 13 40
1
42 6 43 6
1
25 29 25 28
1
43 6 43 7
1
31 28 32 28
1
31 22 32 22
1
23 21 23 22
1
25 28 24 28
1
41 21 41 20
1
23 22 22 22
1
21 12 21 13
1
14 15 13 15
1
26 10 26 11
1
39 35 40 35
1
27 12 26 12
1
6 30 6 29
1
38 46 39 46
1
17 3 16 3
1
28 10 28 11
1
24 30 24 31
1
43 7 43 8
1
30 29 29 29
1
27 27 26 27
1
20 27 19 27
1
44 13 44 14
1
42 14 41 14
1
41 12 42 12
1
41 41 40 41
1
41 20 42 20
1
26 13 27 13
1
44 14 44 15
1
25 17 25 18
1
30 16 30 17
1
16 25 15 25
1
32 22 32 23
1
19 30 19 31
1
4 3 4 4
1
30 17 30 18
1
44 16 44 17
1
33 39 32 39
1
42 12 43 12
1
20 31 20 32
1
24 31 24 32
1
10 28 10 27
1
44 15 43 15
1
19 31 19 30
1
30 18 29 18
1
43 8 44 8
1
18 29 18 28
1
40 35 39 35
1
13 15 14 15
1
15 38 16 38
1
27 28 26 28
1
25 18 24 18
1
35 42 35 43
1
26 28 25 28
1
22 26 22 25
1
44 8 43 8
1
38 33 38 32
1
29 29 29 30
1
14 15 14 14
1
43 15 43 16
1
40 41 40 42
1
29 30 30 30
1
26 27 27 27
1
17 24 18 24
1
43 12 43 13
1
23 13 24 13
1
17 4 16 4
1
18 28 17 28
1
40 42 40 41
1
21 27 20 27
1
43 8 44 8
1
19 27 19 26
1
13 40 14 40
1
23 20 23 19
1
28 11 28 12
1
22 33 21 33
1
22 21 21 21
1
24 6 24 7
1
27 27 28 27
1
15 39 15 40
1
22 22 21 22
1
16 38 16 39
1
10 14 10 15
1
32 28 31 28
1
16 3 17 3
1
41 14 41 13
1
20 32 19 32
1
23 36 24 36
1
29 39 29 40
1
22 25 22 24
1
23 25 23 24
1
9 3 10 3
1
18 20 18 19
1
24 7 24 8
1
31 39 31 40
1
43 13 44 13
1
14 39 15 39
1
35 43 35 44
1
18 24 17 24
1
26 12 27 12
1
38 32 37 32
1
21 22 22 22
1
10 27 10 28
1
15 39 15 38
1
17 24 16 24
1
28 27 27 27
1
29 40 30 40
1
31 28 31 27
1
15 40 15 39
1
29 18 29 19
1
42 20 42 21
1
21 21 21 20
1
35 44 36 44
1
19 26 19 25
1
21 13 21 12
1
16 24 15 24
1
27 12 26 12
1
25 24 25 25
1
24 36 25 36
1
44 13 44 14
1
10 15 10 16
1
26 12 27 12
1
39 35 38 35
1
4 4 4 3
1
37 32 38 32
1
22 22 22 23
1
38 32 38 33
1
27 13 28 13
1
19 17 19 18
1
20 27 21 27
1
26 11 27 11
1
13 21 12 21
1
23 19 23 18
1
25 25 25 24
1
15 24 14 24
1
27 12 27 13
1
31 27 31 26
1
16 4 16 5
1
16 39 16 38
1
28 13 29 13
1
10 3 10 4
1
24 20 23 20
1
24 18 24 17
1
33 28 32 28
1
24 8 24 7
1
2 3 2 4
1
21 20 22 20
1
15 39 16 39
1
29 19 29 20
1
39 46 38 46
1
25 24 26 24
1
33 42 33 41
1
32 39 32 40
1
15 38 14 38
1
24 17 24 18
1
23 15 22 15
1
24 33 23 33
1
10 16 10 17
1
21 12 20 12
1
44 17 45 17
1
8 38 8 39
1
18 19 18 18
1
27 27 28 27
1
15 25 15 26
1
23 20 24 20
1
24 28 24 29
1
22 23 23 23
1
24 32 23 32
1
28 47 28 46
1
27 11 28 11
1
45 17 45 18
1
26 24 26 23
1
22 20 22 21
1
10 17 11 17
1
16 39 16 40
1
32 28 31 28
1
43 16 43 17
1
16 38 15 38
1
9 30 8 30
1
23 32 22 32
1
28 11 29 11
1
31 40 31 39
1
19 18 19 19
1
24 29 24 28
1
14 38 14 37
1
24 18 24 19
1
44 14 44 13
1
24 20 24 21
1
14 24 15 24
1
23 23 23 22
1
19 30 18 30
1
23 22 24 22
1
24 7 23 7
1
41 13 40 13
1
14 14 14 13
1
44 13 45 13
1
29 20 30 20
1
23 24 24 24
1
22 24 23 24
1
32 40 31 40
1
24 24 24 23
1
26 23 25 23
1
12 21 13 21
1
30 30 30 29
1
10 4 9 4
1
25 23 25 22
1
23 18 24 18
1
31 40 31 41
1
38 35 38 36
1
17 3 18 3
1
27 13 27 14
1
24 22 23 22
1
31 39 32 39
1
44 8 45 8
1
25 28 26 28
1
10 28 10 27
1
18 18 19 18
1
24 28 24 29
1
23 22 23 21
1
20 33 20 34
1
31 26 30 26
1
15 26 16 26
1
22 15 21 15
1
18 3 19 3
1
30 20 30 19
1
24 29 25 29
1
32 39 32 38
1
15 38 16 38
1
19 25 18 25
1
45 8 46 8
1
29 46 30 46
1
32 38 32 37
1
19 19 18 19
1
30 40 31 40
1
5 15 5 14
1
21 27 21 28
1
25 22 25 21
1
20 34 20 35
1
23 33 22 33
1
24 13 23 13
1
29 11 29 12
1
21 15 21 16
1
8 30 8 31
1
22 27 21 27
1
6 14 6 13
1
8 39 7 39
1
26 28 25 28
1
45 18 46 18
1
10 27 11 27
1
14 13 13 13
1
29 13 29 14
1
17 28 17 27
1
23 13 24 13
1
11 17 11 16
1
28 27 28 28
1
19 32 20 32
1
40 13 40 14
1
33 41 32 41
1
46 18 45 18
1
27 9 28 9
1
43 17 43 16
1
21 27 20 27
1
24 19 25 19
1
16 40 15 40
1
45 13 45 14
1
20 32 21 32
1
14 40 14 39
1
20 12 21 12
1
22 32 23 32
1
36 44 37 44
1
14 39 14 38
1
25 36 25 35
1
21 32 22 32
1
28 12 27 12
1
25 35 25 36
1
37 44 38 44
1
20 35 20 36
1
13 21 13 20
1
31 41 31 42
1
19 18 18 18
1
28 28 28 29
1
21 28 21 27
1
6 29 6 28
1
5 14 5 15
1
4 3 4 4
1
31 28 30 28
1
28 29 28 28
1
23 24 24 24
1
23 7 23 6
1
14 37 14 36
1
27 14 26 14
1
24 24 25 24
1
25 21 26 21
1
42 21 41 21
1
30 26 30 27
1
20 36 20 37
1
29 14 29 15
1
26 14 26 15
1
18 18 19 18
1
28 28 29 28
1
6 13 6 12
1
45 18 45 19
1
25 36 26 36
1
18 25 18 24
1
18 19 18 20
1
38 33 37 33
1
13 13 12 13
1
26 21 27 21
1
26 36 25 36
1
17 27 17 26
1
46 8 46 9
1
38 46 37 46
1
31 40 31 41
1
19 3 19 4
1
18 24 18 25
1
14 36 14 35
1
28 9 28 10
1
18 30 17 30
1
30 46 30 47
1
18 25 18 26
1
30 19 30 18
1
29 28 29 29
1
29 15 28 15
1
6 28 7 28
1
37 46 38 46
1
30 27 31 27
1
24 23 23 23
1
25 24 25 23
1
23 21 23 20
1
46 9 45 9
1
40 41 39 41
1
31 42 32 42
1
5 15 5 14
1
27 21 28 21
1
38 44 38 45
1
23 20 23 21
1
21 12 20 12
1
23 32 24 32
1
24 13 24 14
1
11 27 11 26
1
20 27 20 28
1
20 37 20 38
1
27 12 27 13
1
16 5 17 5
1
31 27 30 27
1
14 38 13 38
1
30 27 30 26
1
32 23 33 23
1
30 26 31 26
1
38 45 39 45
1
16 26 16 25
1
15 40 16 40
1
7 28 8 28
1
31 26 32 26
1
9 4 10 4
1
11 26 11 27
1
32 41 33 41
1
8 28 7 28
1
24 21 24 22
1
21 16 22 16
1
21 33 20 33
1
22 33 23 33
1
8 31 7 31
1
17 5 18 5
1
25 23 25 22
1
5 14 4 14
1
2 4 1 4
1
20 33 20 34
1
37 33 36 33
1
32 37 32 36
1
20 38 21 38
1
21 27 21 28
1
33 41 33 42
1
28 46 28 47
1
4 14 3 14
1
32 26 32 27
1
7 28 8 28
1
18 5 19 5
1
8 28 9 28
1
16 40 15 40
1
32 36 31 36
1
19 4 19 3
1
18 20 17 20
1
45 9 45 8
1
43 16 42 16
1
45 8 45 9
1
22 16 22 17
1
10 4 9 4
1
22 21 22 22
1
31 36 30 36
1
13 38 13 37
1
38 36 38 37
1
29 12 28 12
1
24 32 23 32
1
23 23 23 22
1
9 28 10 28
1
32 42 32 41
1
22 22 22 21
1
6 12 6 11
1
39 41 39 40
1
9 4 9 5
1
11 27 12 27
1
20 28 20 27
1
16 25 16 24
1
13 20 12 20
1
13 37 13 36
1
12 20 13 20
1
21 28 20 28
1
39 45 40 45
1
7 31 7 30
1
39 40 39 41
1
16 24 16 25
1
45 14 45 13
1
17 20 18 20
1
23 21 24 21
1
7 30 8 30
1
17 26 17 25
1
36 33 36 32
1
29 29 29 28
1
32 41 32 40
1
9 5 8 5
1
45 19 46 19
1
40 14 39 14
1
13 36 13 35
1
1 4 2 4
1
31 41 32 41
1
25 19 25 20
1
12 13 11 13
1
45 9 44 9
1
23 33 23 34
1
28 12 28 13
1
25 22 25 23
1
20 28 20 29
1
23 34 22 34
1
11 13 11 14
1
39 14 38 14
1
12 27 12 26
1
28 21 28 22
1
11 14 11 13
1
46 19 47 19
1
15 40 14 40
1
28 10 28 9
1
19 3 20 3
1
23 22 23 23
1
30 36 30 35
1
14 35 14 34
1
16 38 16 37
1
28 9 29 9
1
20 27 20 28
1
13 35 13 36
1
30 35 29 35
1
33 42 32 42
1
24 18 25 18
1
10 28 10 29
1
15 24 16 24
1
23 6 23 7
1
38 37 37 37
1
29 35 29 34
1
29 9 28 9
1
3 14 3 13
1
25 23 24 23
1
30 29 31 29
1
25 18 24 18
1
19 18 20 18
1
30 18 30 17
1
23 23 23 22
1
16 24 16 23
1
24 21 23 21
1
16 25 16 26
1
2 4 3 4
1
33 23 33 24
1
24 14 23 14
1
3 4 3 3
1
25 20 25 19
1
13 36 14 36
1
30 28 30 29
1
23 22 23 23
1
23 23 23 24
1
20 18 20 17
1
25 36 25 35
1
20 29 20 30
1
12 26 12 25
1
23 24 23 23
1
21 38 21 39
1
23 21 23 20
1
10 29 10 30
1
32 41 31 41
1
14 34 14 35
1
20 28 20 29
1
27 13 27 12
1
29 34 28 34
1
44 9 45 9
1
45 9 45 10
1
32 27 32 26
1
32 26 33 26
1
20 30 20 31
1
22 34 23 34
1
23 20 23 21
1
25 29 24 29
1
18 26 18 25
1
33 26 33 27
1
22 21 22 20
1
18 25 19 25
1
47 19 46 19
1
26 15 26 16
1
20 34 21 34
1
37 37 37 36
1
26 16 26 17
1
32 40 31 40
1
20 29 20 30
1
27 12 28 12
1
40 45 39 45
1
24 18 24 19
1
30 47 30 46
1
28 34 28 33
1
39 45 39 44
1
37 36 37 37
1
22 20 22 21
1
23 23 23 24
1
22 17 23 17
1
36 32 35 32
1
22 21 21 21
1
28 33 28 34
1
11 13 10 13
1
25 35 25 36
1
22 32 22 31
1
28 47 27 47
1
33 24 33 25
1
28 9 29 9
1
31 29 31 28
1
35 32 35 33
1
30 29 30 28
1
17 25 17 24
1
33 27 34 27
1
23 17 24 17
1
35 33 35 32
1
3 3 2 3
1
45 13 45 12
1
19 25 20 25
1
10 30 10 29
1
29 9 30 9
1
25 36 26 36
1
21 34 20 34
1
16 23 16 24
1
23 24 23 25
1
30 9 29 9
1
31 41 31 42
1
2 3 2 4
1
14 35 14 34
1
45 12 45 11
1
10 13 11 13
1
20 30 20 29
1
34 27 34 26
1
42 16 41 16
1
31 42 30 42
1
14 36 15 36
1
24 23 23 23
1
15 36 14 36
1
45 11 44 11
1
32 42 32 43
1
20 3 19 3
1
23 25 22 25
1
29 9 29 8
1
24 22 24 23
1
23 21 24 21
1
19 3 19 2
1
41 16 41 15
1
29 8 30 8
1
14 36 15 36
1
30 17 29 17
1
20 25 21 25
1
38 14 38 13
1
21 25 20 25
1
20 17 20 18
1
23 14 24 14
1
24 19 24 20
1
20 31 20 32
1
24 17 23 17
1
34 26 33 26
1
28 13 29 13
1
28 34 28 33
1
15 36 14 36
1
20 34 19 34
1
19 2 18 2
1
33 25 33 24
1
38 13 37 13
1
41 15 41 14
1
31 40 30 40
1
23 17 23 16
1
8 30 8 29
1
28 22 28 21
1
24 23 25 23
1
3 13 2 13
1
23 34 22 34
1
22 34 22 33
1
17 24 17 25
1
24 14 23 14
1
14 34 14 35
1
30 42 29 42
1
24 29 24 30
1
17 25 16 25
1
16 24 16 23
1
33 24 33 25
1
28 33 27 33
1
20 25 20 24
1
45 10 45 9
1
16 37 16 38
1
8 5 7 5
1
21 39 21 38
1
27 33 26 33
1
29 17 30 17
1
22 33 22 34
1
24 30 25 30
1
30 28 30 27
1
14 36 13 36
1
2 4 2 5
1
20 12 20 13
1
19 5 20 5
1
33 26 32 26
1
14 35 14 34
1
28 12 29 12
1
26 17 25 17
1
13 20 13 21
1
23 32 23 33
1
20 13 20 14
1
25 30 26 30
1
23 33 22 33
1
11 16 10 16
1
26 30 26 29
1
7 39 8 39
1
30 40 31 40
1
39 44 39 43
1
18 2 19 2
1
16 38 16 37
1
21 21 20 21
1
6 11 6 12
1
28 21 28 22
1
13 21 12 21
1
24 21 24 22
1
41 21 41 22
1
30 46 30 47
1
22 34 22 35
1
16 23 15 23
1
16 37 16 38
1
21 38 21 37
1
7 5 6 5
1
27 47 26 47
1
25 28 26 28
1
29 12 30 12
1
12 21 12 22
1
31 28 30 28
1
15 23 16 23
1
30 27 30 26
1
26 47 27 47
1
14 40 14 41
1
26 28 27 28
1
33 25 33 24
1
30 8 29 8
1
39 41 39 40
1
14 34 14 33
1
44 11 44 10
1
30 28 31 28
1
31 40 30 40
1
29 13 30 13
1
13 36 13 37
1
29 28 30 28
1
45 9 45 10
1
23 7 23 8
1
24 22 25 22
1
30 13 30 14
1
23 14 22 14
1
31 28 32 28
1
13 37 12 37
1
18 20 17 20
1
19 34 18 34
1
10 16 10 17
1
16 23 16 22
1
25 19 24 19
1
17 20 17 19
1
41 14 41 13
1
27 47 28 47
1
10 17 10 16
1
17 30 17 29
1
25 17 25 18
1
25 18 24 18
1
30 26 29 26
1
8 39 8 38
1
20 32 21 32
1
20 29 20 28
1
10 16 10 15
1
14 41 13 41
1
30 47 29 47
1
32 28 32 29
1
29 26 29 25
1
24 18 24 17
1
37 13 38 13
1
26 29 26 30
1
32 29 32 30
1
2 5 3 5
1
23 8 23 9
1
17 29 17 30
1
11 13 11 14
1
16 38 16 39
1
26 36 26 35
1
38 46 38 45
1
20 5 19 5
1
8 38 8 37
1
24 19 23 19
1
22 25 23 25
1
20 24 20 25
1
19 2 19 3
1
16 22 16 21
1
32 30 32 29
1
29 8 29 9
1
29 47 30 47
1
27 28 26 28
1
30 28 29 28
1
28 47 29 47
1
13 41 14 41
1
3 5 4 5
1
41 13 41 12
1
38 13 37 13
1
20 25 20 24
1
23 19 24 19
1
29 42 28 42
1
28 42 28 41
1
45 10 46 10
1
46 19 46 18
1
4 5 3 5
1
29 47 28 47
1
16 26 15 26
1
41 22 40 22
1
32 26 31 26
1
30 14 29 14
1
12 37 13 37
1
20 14 20 15
1
10 29 9 29
1
13 37 14 37
1
29 25 29 26
1
6 5 6 6
1
29 28 30 28
1
31 26 31 27
1
40 22 40 23
1
33 24 33 23
1
18 34 18 35
1
35 32 36 32
1
12 25 12 26
1
31 27 30 27
1
11 14 11 13
1
30 47 29 47
1
11 13 12 13
1
6 12 7 12
1
9 29 10 29
1
28 15 29 15
1
12 13 12 12
1
12 26 13 26
1
10 15 9 15
1
41 12 42 12
1
22 35 21 35
1
20 28 21 28
1
46 18 46 19
1
46 19 45 19
1
40 23 40 24
1
37 37 36 37
1
28 47 28 46
1
21 35 20 35
1
18 35 18 36
1
20 15 19 15
1
15 26 15 27
1
28 46 29 46
1
23 9 23 8
1
39 43 40 43
1
16 39 15 39
1
12 12 12 11
1
45 19 44 19
1
30 17 29 17
1
30 40 30 39
1
17 30 16 30
1
14 41 13 41
1
24 17 24 18
1
26 30 25 30
1
25 23 24 23
1
30 28 29 28
1
26 33 26 34
1
2 13 3 13
1
23 16 23 17
1
6 6 6 5
1
29 17 29 16
1
29 28 29 29
1
39 40 39 39
1
30 27 29 27
1
25 30 24 30
1
20 21 19 21
1
25 22 25 21
1
23 8 22 8
1
22 8 21 8
1
16 25 17 25
1
32 29 32 30
1
23 25 24 25
1
32 43 31 43
1
10 29 9 29
1
19 21 19 22
1
18 36 19 36
1
16 21 17 21
1
19 22 19 21
1
44 19 44 18
1
20 35 20 36
1
20 24 19 24
1
24 23 25 23
1
22 14 23 14
1
21 32 20 32
1
7 12 7 13
1
25 21 26 21
1
23 23 24 23
1
40 24 40 25
1
22 33 23 33
1
38 45 37 45
1
24 25 23 25
1
26 35 27 35
1
23 17 24 17
1
6 5 6 6
1
22 31 23 31
1
13 41 12 41
1
24 19 25 19
1
42 12 41 12
1
29 27 29 28
1
19 3 20 3
1
29 14 28 14
1
14 37 14 36
1
29 28 30 28
1
23 25 23 26
1
15 39 14 39
1
29 26 30 26
1
21 8 21 9
1
41 12 41 13
1
23 33 22 33
1
19 15 20 15
1
25 19 24 19
1
14 39 15 39
1
7 13 7 14
1
12 41 13 41
1
29 16 29 17
1
15 27 16 27
1
24 17 23 17
1
24 20 25 20
1
29 47 28 47
1
28 47 28 46
1
24 23 23 23
1
26 34 26 33
1
46 10 46 9
1
28 46 28 45
1
36 37 36 36
1
29 15 29 14
1
24 19 24 20
1
44 18 44 17
1
29 29 30 29
1
23 14 23 13
1
31 43 31 42
1
37 45 37 44
1
26 28 27 28
1
29 46 30 46
1
17 21 17 22
1
29 14 29 13
1
12 11 13 11
1
20 15 20 16
1
28 41 29 41
1
41 13 40 13
1
30 39 29 39
1
29 9 29 8
1
25 23 26 23
1
21 37 22 37
1
19 5 19 6
1
9 15 8 15
1
16 27 16 26
1
33 23 34 23
1
8 37 8 38
1
24 20 24 19
1
19 24 20 24
1
30 29 29 29
1
40 25 40 24
1
29 29 29 30
1
26 23 26 22
1
8 38 8 37
1
23 31 23 32
1
36 36 36 37
1
36 37 36 38
1
29 8 29 9
1
30 26 30 25
1
3 5 3 6
1
13 11 12 11
1
46 9 46 10
1
14 36 13 36
1
12 11 12 10
1
22 33 22 34
1
23 32 22 32
1
34 23 33 23
1
17 25 16 25
1
8 37 8 36
1
12 22 13 22
1
20 16 19 16
1
22 34 22 35
1
19 6 18 6
1
20 3 20 2
1
24 30 25 30
1
23 13 24 13
1
23 23 23 24
1
24 18 24 17
1
27 28 28 28
1
36 38 37 38
1
28 14 29 14
1
39 39 38 39
1
29 14 30 14
1
4 4 4 5
1
9 29 9 30
1
3 13 3 12
1
30 28 29 28
1
6 6 5 6
1
22 37 23 37
1
23 37 24 37
1
24 17 24 16
1
33 23 33 22
1
20 18 21 18
1
24 19 24 20
1
26 22 26 23
1
20 2 19 2
1
44 17 44 16
1
29 9 30 9
1
21 18 21 19
1
21 19 21 20
1
19 36 18 36
1
13 36 12 36
1
29 17 30 17
1
7 14 8 14
1
21 20 22 20
1
24 37 23 37
1
23 37 23 36
1
29 28 30 28
1
15 39 16 39
1
8 29 9 29
1
38 39 39 39
1
39 39 40 39
1
40 13 39 13
1
20 36 20 35
1
44 10 44 9
1
25 30 24 30
1
12 36 13 36
1
39 13 39 12
1
22 32 21 32
1
14 33 13 33
1
20 24 20 25
1
28 22 28 21
1
40 43 40 44
1
44 9 44 8
1
12 10 12 11
1
18 6 17 6
1
16 30 15 30
1
37 13 36 13
1
26 33 26 32
1
46 10 46 9
1
23 26 22 26
1
24 20 24 19
1
19 21 19 22
1
16 26 16 27
1
26 21 25 21
1
19 16 20 16
1
40 24 40 25
1
30 9 29 9
1
29 13 28 13
1
37 38 36 38
1
22 26 22 25
1
30 14 29 14
1
13 22 14 22
1
26 23 26 24
1
3 12 3 13
1
36 32 36 31
1
44 8 44 9
1
16 39 16 40
1
8 36 7 36
1
37 44 37 45
1
7 36 8 36
1
21 28 21 27
1
26 32 27 32
1
22 25 22 24
1
17 19 16 19
1
3 13 3 14
1
30 17 29 17
1
20 25 20 24
1
20 32 20 33
1
20 16 19 16
1
16 27 17 27
1
40 25 41 25
1
17 27 17 28
1
29 39 30 39
1
8 15 9 15
1
22 24 21 24
1
39 12 40 12
1
3 6 4 6
1
27 32 28 32
1
36 31 36 30
1
13 36 12 36
1
40 39 41 39
1
9 15 8 15
1
20 24 20 25
1
36 13 36 14
1
22 20 22 19
1
13 26 14 26
1
44 9 44 10
1
16 40 15 40
1
21 32 21 33
1
8 15 9 15
1
24 19 25 19
1
9 15 10 15
1
20 35 21 35
1
24 30 24 31
1
32 30 33 30
1
17 28 18 28
1
44 10 44 9
1
17 6 18 6
1
36 30 37 30
1
13 41 13 40
1
4 6 3 6
1
37 45 36 45
1
23 17 22 17
1
30 28 29 28
1
12 36 11 36
1
21 33 21 34
1
36 45 35 45
1
23 36 23 35
1
22 35 22 36
1
15 30 16 30
1
27 35 26 35
1
30 25 31 25
1
25 20 26 20
1
8 36 8 37
1
21 9 21 10
1
18 28 18 29
1
28 28 28 27
1
24 16 23 16
1
17 22 18 22
1
36 14 35 14
1
25 21 24 21
1
25 19 24 19
1
13 33 12 33
1
20 25 21 25
1
23 35 24 35
1
22 19 22 18
1
19 16 20 16
1
28 27 28 28
1
41 39 41 40
1
23 16 24 16
1
13 40 14 40
1
26 20 26 21
1
26 24 25 24
1
15 40 15 39
1
21 27 21 26
1
9 29 9 28
1
21 35 20 35
1
41 25 40 25
1
5 6 4 6
1
29 9 29 8
1
15 39 15 40
1
14 22 13 22
1
30 12 31 12
1
20 33 19 33
1
24 16 24 15
1
16 19 16 20
1
21 25 22 25
1
12 33 12 34
1
24 31 25 31
1
31 42 32 42
1
28 21 28 22
1
16 30 15 30
1
40 44 40 45
1
18 36 19 36
1
46 9 46 10
1
29 30 30 30
1
44 9 44 8
1
15 40 15 41
1
28 13 27 13
1
13 22 13 23
1
24 19 24 20
