35 2 17 36
37 36 37 26
20 11 17 28
22 19 12 47
39 26 43 9
4 19 10 18
23 18 44 23
36 5 45 41
8 36 14 44
2 19 14 22
12 44 11 9
45 37 45 31
16 24 29 32
8 34 45 47
44 6 39 30
17 3 36 23
13 45 18 34
2 2 43 3
36 47 43 19
46 10 42 4
33 27 4 23
8 19 30 20
31 30 2 4
22 2 4 30
33 4 35 34
22 44 16 41
47 24 11 25
29 25 32 14
29 10 26 4
45 35 26 35
41 43 16 27
13 37 20 40
41 35 19 19
19 3 25 45
30 3 43 19
40 39 27 35
15 43 23 13
4 23 13 33
31 35 18 46
4 46 8 6
3 41 20 33
10 46 31 10
6 43 16 13
32 36 40 1
7 37 28 38
4 34 40 26
30 19 42 36
42 17 33 21
18 10 12 41
9 8 30 6
5 45 21 28
36 46 6 44
23 42 33 24
36 11 37 3
2 20 4 1
46 40 20 38
19 26 15 12
32 40 26 41
37 46 16 45
3 11 35 17
39 10 44 19
16 4 40 40
43 41 2 12
42 6 3 2
40 3 18 12
30 5 30 41
5 45 13 32
3 42 36 2
19 37 18 43
37 4 4 3
42 26 31 44
3 27 13 31
13 17 15 10
24 45 32 8
29 29 45 11
19 3 1 3
46 46 11 31
3 47 39 1
31 13 6 7
3 18 7 40
34 20 6 35
22 31 14 6
38 27 43 19
3 8 22 43
19 26 20 39
25 41 40 4
42 26 42 12
7 11 17 21
3 43 4 39
15 44 14 10
32 40 9 41
15 19 47 4
18 45 35 24
12 22 11 41
11 6 27 14
33 45 10 3
6 35 27 9
35 44 5 22
19 19 16 28
45 7 9 20
32 30 36 32
3 1 10 9
45 36 43 41
13 11 5 8
14 1 32 9
20 8 44 21
41 43 38 27
46 42 20 35
4 17 4 33
27 39 46 1
34 34 23 26
22 23 47 7
28 19 42 22
38 31 14 1
26 41 22 31
18 27 19 14
37 26 21 36
43 47 38 20
18 37 40 24
5 20 10 13
21 44 8 32
42 6 20 11
17 10 7 15
21 44 6 1
13 28 4 9
21 3 23 3
26 18 37 38
11 45 42 20
44 14 19 34
2 9 21 30
32 38 27 11
46 24 36 12
15 23 36 34
39 21 8 2
22 17 9 19
30 1 6 19
3 2 32 30
5 19 8 3
25 4 27 14
10 42 2 4
3 38 29 33
9 41 6 40
4 6 9 10
41 41 45 28
41 10 32 35
19 44 44 25
11 4 10 13
44 27 24 47
24 39 20 14
3 31 10 22
6 21 15 25
30 3 31 6
19 38 30 31
15 22 40 35
2 37 9 16
9 32 44 4
28 21 21 45
35 21 12 2
37 14 4 15
20 32 33 9
15 44 45 34
15 37 36 39
22 33 10 34
3 25 13 17
25 5 44 44
29 10 39 28
36 47 8 6
36 11 5 6
38 23 35 31
29 38 28 35
12 12 10 39
14 42 30 42
43 8 18 28
10 18 35 31
10 7 44 45
5 32 41 20
35 21 44 19
29 42 6 47
20 11 45 24
41 44 14 6
8 32 6 36
27 41 39 28
15 3 21 43
33 22 41 16
3 13 14 35
42 45 22 4
45 6 35 2
46 13 46 41
43 18 43 23
4 21 1 39
23 43 12 39
9 38 10 11
36 7 13 6
28 46 43 20
45 43 20 35
27 18 10 8
32 22 19 23
29 11 46 18
41 10 35 12
12 18 5 44
1 7 37 19
26 37 31 23
18 25 18 23
8 16 28 21
21 29 9 10
40 4 24 3
28 39 18 34
15 10 35 11
31 40 11 13
6 21 19 24
44 15 1 38
4 24 29 14
7 13 11 14
28 10 35 28
11 16 9 18
31 26 35 6
11 13 29 32
40 45 9 1
36 14 4 35
12 7 6 19
36 8 42 31
10 27 2 35
30 29 20 19
20 22 16 35
34 21 1 24
20 26 11 35
36 27 46 1
4 1 36 18
32 41 47 46
32 5 6 27
28 28 6 15
28 11 32 43
41 14 30 33
30 43 44 4
6 44 37 12
40 5 45 41
39 4 14 6
2 13 23 23
13 36 46 9
39 17 22 24
18 18 15 43
31 23 17 35
2 24 27 13
29 17 38 34
16 46 12 30
18 18 22 16
8 44 46 9
15 6 9 38
39 23 8 32
44 21 40 11
9 42 20 30
34 13 19 14
12 30 2 41
2 12 39 12
26 12 11 6
16 22 4 30
19 2 34 39
35 41 41 29
28 23 35 2
47 3 25 39
3 2 16 26
18 20 14 7
35 33 6 9
23 5 6 42
5 32 34 14
29 46 35 3
44 42 16 23
26 6 37 23
35 14 1 38
24 38 35 31
31 8 26 3
15 6 36 21
5 1 44 29
5 14 18 6
12 22 1 43
42 45 45 21
5 34 22 7
37 35 27 11
27 27 40 5
37 17 8 7
35 26 17 27
40 6 5 3
22 34 21 14
22 44 4 5
21 33 31 41
22 14 46 14
19 44 22 37
8 15 26 10
4 18 22 33
41 42 4 24
28 11 6 35
35 6 3 14
23 20 33 11
38 40 35 30
35 15 13 11
21 47 16 21
40 20 19 22
28 30 5 29
23 14 45 26
19 23 4 38
3 41 21 7
27 9 22 15
5 34 19 8
26 46 37 10
47 19 40 29
35 1 32 35
6 17 28 37
28 26 42 13
19 2 14 43
7 14 36 39
2 6 26 9
41 30 34 8
1 42 11 33
18 19 40 10
14 33 32 40
32 26 43 44
43 18 2 8
10 16 39 47
11 17 35 46
36 40 14 9
29 13 41 30
38 43 15 42
2 40 7 40
27 36 17 41
1 37 19 35
45 35 5 12
13 2 28 44
24 1 5 38
1 45 10 31
28 31 47 38
35 17 40 20
39 16 3 42
16 29 8 42
2 46 22 44
26 26 5 17
24 9 41 30
27 26 14 36
21 15 37 25
40 16 18 35
41 40 21 37
2 24 30 16
28 37 15 28
29 30 31 7
39 46 19 7
18 44 47 39
5 31 25 7
42 18 39 12
35 47 30 15
26 6 5 21
33 26 29 13
4 11 45 7
41 45 13 2
47 41 12 43
3 1 17 6
40 15 36 22
31 10 3 5
16 26 21 9
47 4 38 15
34 18 18 13
29 32 38 10
18 5 14 43
21 8 6 35
25 8 21 21
24 47 31 42
16 5 35 23
3 15 46 2
12 24 10 16
19 9 5 25
13 7 11 35
25 42 34 22
9 36 29 33
28 41 20 30
27 14 11 27
13 32 47 46
37 10 10 26
9 7 33 5
41 47 12 3
39 27 36 16
26 7 5 14
33 22 8 35
35 33 14 43
1 39 35 45
25 47 15 36
11 5 19 26
11 44 2 11
10 20 26 13
30 31 46 5
29 38 30 46
4 7 12 1
3 36 20 29
6 27 41 40
17 43 14 40
44 16 9 41
38 19 28 37
11 44 13 26
3 31 42 10
18 38 10 46
12 44 29 30
20 40 23 1
30 40 12 18
23 24 9 7
23 38 11 37
16 4 39 39
35 32 13 3
38 22 6 18
18 44 18 36
39 6 18 46
5 44 45 22
13 47 3 40
6 29 37 3
5 9 28 14
4 21 39 27
43 30 37 11
47 6 9 19
6 39 1 12
5 35 28 12
47 24 23 31
27 15 6 30
9 40 10 38
12 5 44 17
35 44 15 43
5 33 27 22
41 3 2 7
23 8 3 17
40 31 37 46
45 46 16 40
34 29 6 24
10 18 11 15
35 25 32 6
33 25 6 32
36 22 45 3
42 8 6 19
25 35 23 19
45 11 7 23
42 5 8 14
39 33 2 41
39 29 30 32
6 45 44 41
2 30 26 4
37 2 35 6
39 45 21 13
28 25 15 40
31 8 2 46
28 47 18 21
24 43 45 33
6 23 13 4
45 21 41 33
34 29 5 42
42 33 38 19
22 4 20 30
4 18 45 29
36 15 40 24
45 21 34 14
47 46 35 11
23 10 14 35
26 11 47 13
18 28 40 44
37 11 43 45
15 30 37 12
30 24 42 9
22 9 29 13
10 27 22 38
15 8 14 21
28 15 19 20
35 17 7 17
37 7 16 6
12 47 42 29
10 18 15 20
33 37 37 4
6 22 29 19
18 21 14 43
41 5 7 30
44 38 29 47
13 17 46 25
37 43 4 4
41 42 20 44
27 6 39 6
7 37 10 39
38 19 18 24
45 9 11 39
47 46 42 34
42 2 8 21
37 2 35 37
45 10 6 13
6 43 28 28
23 3 6 41
24 12 17 24
2 14 45 6
13 33 42 13
13 10 16 23
1 25 43 18
16 41 29 3
3 35 41 4
16 26 22 31
21 35 26 43
15 21 14 25
11 41 10 4
47 13 25 45
12 14 39 30
35 21 9 18
17 12 30 32
44 22 42 1
32 3 12 40
11 33 28 10
4 43 31 5
30 7 46 34
16 29 46 7
21 23 40 1
23 32 4 7
38 24 21 32
29 34 32 42
16 35 28 47
33 9 14 17
45 25 38 20
19 40 36 12
41 44 19 2
38 44 10 40
20 31 3 8
21 31 22 29
19 12 33 7
10 40 2 35
19 40 12 45
33 43 42 14
44 25 24 12
37 25 16 44
29 8 29 17
15 24 22 46
37 44 11 21
38 15 32 37
8 37 17 35
19 25 23 14
19 46 23 17
27 16 16 7
19 24 9 38
9 10 12 25
22 34 36 47
8 34 39 28
34 13 31 39
29 29 22 47
24 5 43 15
9 4 3 19
32 27 2 10
46 39 26 40
3 23 3 15
28 20 23 17
5 11 37 14
35 6 36 3
24 6 37 12
45 15 37 12
36 11 13 45
8 22 26 28
5 23 22 15
20 28 45 16
43 21 47 13
37 37 36 4
6 5 2 41
30 47 40 22
23 20 15 35
44 28 35 18
5 33 19 46
1 39 15 12
19 8 19 19
26 41 35 14
15 4 36 27
28 42 44 5
21 47 19 31
40 36 23 41
18 41 21 26
4 11 10 22
25 38 32 40
10 36 39 39
22 34 9 43
30 23 5 30
6 9 35 43
7 39 42 29
40 42 38 7
6 40 21 33
35 2 17 3
2 46 34 42
12 25 44 4
35 20 4 40
27 45 26 46
4 34 10 7
20 46 40 32
37 1 11 27
2 39 43 7
12 25 10 8
37 13 2 13
6 22 36 34
43 33 2 14
3 20 21 40
38 4 24 3
4 37 7 42
12 47 17 19
42 11 10 3
45 38 19 43
44 33 35 24
10 43 29 41
27 45 2 6
15 37 13 22
4 41 19 19
23 29 10 27
32 8 6 5
30 15 36 35
4 43 41 43
27 41 10 41
47 6 42 16
4 38 43 29
23 11 39 24
33 11 46 11
19 29 8 9
22 19 20 6
42 47 44 33
31 12 5 8
2 40 6 40
43 38 12 23
9 41 33 12
16 3 44 33
39 16 30 41
30 7 31 30
38 25 14 34
19 33 32 25
25 43 25 10
36 43 39 8
29 39 16 44
46 42 42 24
20 18 18 28
31 39 11 27
9 42 4 28
41 46 35 37
6 16 15 10
15 43 43 15
22 23 38 20
8 47 3 35
18 5 3 27
40 43 19 4
39 21 22 34
7 5 32 44
29 17 29 13
46 45 45 30
19 44 37 21
38 31 42 43
41 39 7 16
5 44 4 12
5 23 46 9
43 4 16 39
6 41 12 12
38 33 46 44
40 41 28 34
5 31 36 46
10 3 23 45
3 5 31 28
26 8 7 45
35 33 20 3
44 21 19 33
6 7 34 25
24 7 19 22
44 47 20 26
43 34 31 23
10 25 8 36
6 41 7 43
11 9 38 37
21 14 31 13
4 47 40 24
10 23 28 26
22 31 19 20
28 45 1 45
8 40 31 26
33 46 24 1
6 17 45 1
5 2 39 26
5 40 33 27
41 46 25 35
37 44 19 47
20 6 5 19
46 6 35 39
11 21 47 10
30 33 9 7
45 8 4 1
47 30 41 25
29 38 41 2
45 3 16 23
13 41 15 4
22 19 34 20
35 10 28 27
28 20 26 20
28 4 37 25
43 36 26 32
18 23 24 41
47 12 38 1
47 35 40 6
11 11 4 32
44 46 17 30
21 47 16 5
40 39 22 35
10 34 21 22
46 14 38 46
37 23 29 20
23 25 22 17
29 30 15 42
6 1 38 29
46 36 25 40
7 4 3 7
16 22 37 16
35 41 29 25
30 3 22 25
16 14 4 13
44 44 39 29
31 27 27 23
5 10 38 25
46 6 15 12
29 10 41 28
3 17 12 15
4 1 45 43
14 25 3 14
26 12 4 16
14 13 28 3
17 12 43 20
36 33 26 30
36 6 9 32
6 44 28 15
46 45 5 42
47 39 32 19
6 45 18 44
3 47 44 13
4 20 43 39
9 15 3 19
34 23 32 30
27 46 22 11
27 40 23 47
33 12 4 1
19 16 27 46
28 27 38 32
35 24 46 31
23 31 34 23
5 40 8 14
2 3 45 8
35 40 37 12
9 37 4 35
1 12 40 9
36 10 27 33
2 14 30 1
7 20 37 21
37 7 42 32
20 18 46 4
24 3 29 31
14 39 8 30
19 10 4 29
30 34 14 13
26 30 15 39
38 1 11 17
36 7 16 4
30 33 9 31
28 21 27 6
38 3 43 44
44 25 2 43
8 12 44 4
13 5 26 20
43 29 35 5
12 31 30 30
30 20 36 14
12 45 33 12
14 8 13 16
9 33 36 14
33 14 27 6
35 40 39 1
6 15 33 43
12 47 21 43
20 20 28 16
10 31 18 36
9 14 46 23
3 32 29 23
23 21 10 6
39 13 20 20
41 17 13 24
46 25 34 26
34 18 32 7
31 5 9 46
38 23 27 20
8 14 28 20
44 13 7 31
9 21 3 43
4 31 9 36
29 32 32 36
42 11 28 28
35 43 1 7
26 20 29 16
13 6 13 45
4 16 38 13
21 34 6 42
4 9 43 23
30 1 22 30
6 23 13 11
38 8 44 1
43 13 5 16
13 19 37 1
12 3 44 43
45 43 35 24
12 42 37 32
37 32 9 42
14 17 18 26
30 31 1 3
32 24 21 9
32 21 6 27
46 9 17 20
11 25 41 41
43 10 31 44
1 37 13 23
41 17 40 9
14 37 17 21
13 2 47 43
45 38 14 36
11 19 1 3
36 30 43 42
36 23 24 47
21 26 21 18
39 47 34 13
39 35 40 8
45 42 17 21
29 25 31 9
36 4 2 37
34 26 21 24
46 17 11 8
3 35 29 22
39 28 3 1
11 41 15 23
20 20 27 47
9 19 13 15
46 11 23 14
15 14 14 30
37 45 44 20
32 11 21 22
41 12 15 14
43 24 12 26
41 43 31 5
11 24 12 34
9 32 25 44
22 29 18 13
30 23 30 45
6 7 11 8
11 6 8 13
26 3 13 10
14 17 15 24
43 38 23 4
3 47 36 6
27 12 28 35
40 20 38 3
20 24 37 33
38 19 44 42
24 12 7 9
9 17 35 44
44 5 18 3
11 30 22 26
23 41 4 15
7 45 38 43
35 40 3 5
37 4 33 9
24 6 26 10
31 42 46 18
14 8 12 3
17 29 37 2
18 41 26 46
42 23 13 17
5 8 5 1
5 18 47 9
15 10 41 8
17 41 35 13
26 16 12 36
45 13 6 32
3 46 22 29
46 25 27 20
24 13 8 39
10 23 3 11
12 30 13 8
19 25 29 39
28 22 2 20
21 45 29 11
42 5 25 12
46 41 31 21
4 22 26 42
20 39 46 25
18 18 28 33
10 44 18 43
22 8 40 9
8 36 10 43
8 28 34 3
10 2 46 19
37 2 33 5
20 5 8 6
42 27 35 46
18 22 39 6
21 45 36 43
5 17 12 3
45 18 34 43
30 15 41 6
6 22 31 28
35 37 25 3
9 31 28 47
14 34 39 25
42 28 15 28
18 11 26 36
40 25 36 40
26 45 44 17
39 18 43 33
30 13 39 26
23 13 36 9
22 16 13 26
38 43 41 39
2 10 30 10
27 32 35 3
27 12 36 46
5 37 35 36
11 33 31 21
47 37 9 20
12 36 14 13
36 7 19 46
10 29 8 15
27 32 24 14
13 6 27 19
5 37 19 35
38 27 28 29
8 20 20 9
29 26 41 32
45 8 47 30
29 37 16 44
8 27 12 18
46 31 20 6
40 47 7 4
21 16 37 30
27 36 38 7
22 3 44 35
36 22 39 29
23 29 12 38
17 19 47 24
27 43 24 42
44 19 8 4
40 37 15 28
26 31 11 3
4 8 4 3
3 3 19 40
2 18 7 41
34 10 44 2
8 44 7 35
8 20 7 27
12 2 42 40
10 19 40 16
27 26 40 21
37 10 40 23
19 41 17 29
28 34 28 18
22 35 3 32
21 22 25 14
31 4 2 34
19 46 41 8
3 3 19 20
8 15 6 24
2 4 11 12
44 4 20 16
10 14 25 7
8 26 7 35
36 4 18 40
5 25 18 29
7 13 8 14
45 31 28 5
36 25 11 25
14 30 43 17
26 42 4 36
41 42 17 41
5 16 6 5
38 17 17 8
9 44 16 23
18 22 11 14
42 30 47 45
26 13 42 28
25 41 11 44
14 22 20 11
44 31 15 25
25 14 33 19
13 41 26 47
27 13 20 40
21 38 15 28
7 27 6 19
12 24 39 10
11 13 35 17
31 20 9 19
44 3 29 16
11 11 29 13
41 45 19 39
38 41 37 21
30 38 35 21
2 20 12 35
41 21 9 14
10 3 18 39
3 28 43 43
19 15 45 11
34 44 34 26
7 34 6 27
18 42 36 19
45 35 38 2
31 39 22 6
