30 41 41 8
25 4 2 25
41 42 1 38
39 29 17 44
18 41 39 15
46 29 9 43
21 7 18 34
33 26 12 41
26 19 5 4
22 17 45 9
28 8 37 39
38 9 26 43
17 39 10 8
24 6 14 36
6 5 38 37
44 36 11 26
8 4 28 33
31 41 10 25
2 19 28 9
44 31 26 2
21 17 41 33
34 27 4 10
40 33 12 41
23 13 11 33
33 21 45 40
3 22 31 10
10 8 1 43
5 11 39 19
47 44 42 12
30 46 2 35
36 44 28 20
8 36 33 11
9 44 35 34
25 5 12 44
10 10 46 10
36 1 20 35
44 13 16 28
38 9 21 45
7 12 42 43
12 24 39 46
41 30 19 18
27 22 5 38
6 33 46 5
24 4 10 32
21 8 5 29
7 12 18 42
27 13 14 46
33 37 44 7
7 28 41 8
23 43 41 8
41 10 18 19
7 8 11 43
5 8 25 40
26 32 13 2
19 10 3 30
13 46 22 8
43 42 38 14
19 45 3 12
6 46 36 19
2 37 36 42
21 33 42 44
13 28 33 7
43 14 16 35
43 41 20 18
42 7 35 39
18 45 10 15
9 3 46 23
16 9 45 36
38 6 12 42
10 9 34 27
45 38 11 14
11 3 36 21
3 6 20 35
39 35 8 28
14 46 12 18
33 21 10 43
45 14 21 2
20 11 42 36
17 46 7 3
1 11 37 27
7 17 40 37
29 46 2 20
19 2 19 32
46 44 15 6
35 29 2 7
12 47 44 42
3 35 34 35
22 32 26 4
30 12 12 33
9 34 19 4
29 42 8 29
36 31 5 13
19 5 47 43
3 39 28 5
18 23 46 14
9 7 40 1
47 30 21 40
40 21 1 9
40 42 13 27
9 15 37 18
35 46 6 44
18 44 42 25
4 34 26 6
34 34 28 6
44 12 6 24
37 25 15 35
37 6 32 46
11 5 22 28
37 42 5 21
4 1 45 24
47 19 5 11
3 47 44 11
16 36 47 6
22 41 8 9
46 6 4 11
12 3 16 42
28 6 12 23
11 28 31 10
2 46 7 5
45 8 17 38
35 28 10 36
15 24 44 4
30 43 36 13
23 29 11 11
37 10 9 31
43 21 7 34
42 2 6 11
3 11 36 44
22 40 2 19
21 38 32 10
13 26 29 46
31 30 14 44
13 5 40 24
41 6 13 46
33 28 6 35
10 13 41 37
42 29 8 38
10 34 34 9
31 28 18 45
45 1 41 44
44 12 16 10
39 3 35 30
45 19 28 43
23 35 4 24
41 44 45 6
11 21 18 46
41 37 30 9
45 19 16 28
46 32 18 43
38 47 39 17
18 9 5 34
38 45 14 1
22 12 14 39
8 33 42 23
34 39 23 18
21 30 11 10
11 7 5 35
41 10 12 14
23 4 37 25
26 43 44 17
13 35 38 20
4 45 7 14
40 11 6 46
43 39 1 41
24 37 39 7
41 19 1 4
11 17 22 40
3 19 21 46
29 8 4 17
47 9 14 6
44 40 36 15
32 41 36 3
1 41 31 43
44 22 28 46
23 37 46 24
9 31 39 27
46 47 23 3
34 44 5 27
10 12 40 6
11 42 43 5
13 32 45 19
15 3 30 34
14 19 42 13
6 32 23 14
14 10 38 30
8 29 41 22
26 22 17 46
42 34 14 16
8 42 19 19
44 12 7 45
34 26 3 45
34 27 12 43
9 43 34 37
10 42 20 12
41 44 13 12
12 35 2 11
26 5 45 23
5 46 30 6
40 22 8 41
46 12 29 38
39 10 17 46
40 39 28 18
10 25 34 36
31 5 41 36
35 45 36 4
34 36 10 46
7 23 35 25
30 7 27 45
11 20 33 28
14 37 37 8
8 43 22 15
2 36 36 1
34 4 2 19
6 36 32 45
23 45 21 9
23 42 34 21
13 21 40 24
14 16 46 23
46 46 16 41
23 9 20 36
5 45 34 46
36 14 12 23
6 1 43 31
11 43 38 15
22 6 3 24
41 12 14 7
4 10 32 25
35 1 25 39
12 16 36 30
14 45 30 5
37 5 4 4
22 43 47 6
13 20 44 5
42 29 4 2
30 45 36 21
43 28 29 7
33 46 47 25
16 12 19 45
11 45 11 5
11 15 40 21
38 44 28 19
27 7 44 30
14 37 6 5
14 21 2 44
14 36 20 7
16 12 5 42
9 17 36 6
44 1 6 19
7 43 14 11
10 5 22 47
36 25 1 40
20 44 39 10
47 36 33 20
40 1 10 5
10 16 4 40
1 11 35 34
41 5 46 34
44 42 44 9
34 35 9 30
19 38 4 17
3 10 25 39
29 36 4 44
16 8 40 18
31 35 22 14
34 26 5 10
40 3 10 6
38 25 11 47
20 5 26 42
7 2 32 22
24 43 21 15
7 47 44 35
9 38 29 16
5 6 34 3
4 43 37 22
13 12 26 36
10 41 32 10
42 44 1 41
25 37 43 1
13 16 11 45
45 8 11 20
36 44 13 1
1 41 45 24
8 1 21 43
37 24 2 12
43 44 34 2
33 22 4 25
24 47 8 10
10 5 41 25
47 45 29 13
3 47 45 30
5 33 32 7
5 2 27 20
35 25 7 47
12 6 43 13
1 14 36 32
43 14 28 37
7 7 35 5
6 18 38 38
44 35 12 34
28 24 4 31
12 44 9 14
27 25 8 6
8 21 32 46
35 10 7 36
40 25 5 8
20 11 10 32
34 8 45 36
4 19 44 18
3 24 41 29
42 20 13 37
21 27 36 2
43 46 25 5
12 29 33 6
12 31 29 15
42 47 38 3
17 21 2 40
20 22 11 1
27 33 1 23
36 43 17 4
2 24 45 11
4 6 36 5
14 8 45 8
30 1 25 45
6 11 40 46
1 40 45 32
4 33 30 3
3 47 11 23
28 17 17 46
35 12 1 12
37 20 12 29
5 18 29 24
23 24 13 44
38 39 27 12
9 39 1 8
13 44 45 21
19 37 47 19
7 1 39 35
20 14 37 36
8 3 18 27
40 17 24 1
8 27 36 42
18 5 26 35
10 45 8 4
7 3 29 15
45 39 22 21
7 12 9 40
32 6 46 45
26 32 5 5
40 40 23 23
35 43 13 28
47 6 11 33
3 11 13 35
40 47 6 9
46 36 31 20
24 11 29 44
46 9 19 40
3 42 22 9
38 15 25 39
1 24 37 23
5 7 8 40
7 6 9 43
3 4 46 45
37 21 3 7
19 36 6 19
35 31 1 7
13 42 26 13
1 35 47 6
45 36 22 16
18 28 46 30
2 14 20 30
28 35 37 6
22 33 10 6
7 30 29 40
15 40 31 24
35 28 3 29
21 38 46 5
7 14 41 10
40 37 7 21
3 15 37 42
46 6 15 4
9 34 41 42
4 47 37 8
46 23 18 29
34 42 3 12
7 1 23 30
5 20 34 21
40 25 4 23
11 10 22 35
3 8 26 41
16 45 44 16
3 37 36 27
12 23 38 41
6 43 39 26
19 28 5 6
17 10 4 43
15 35 34 18
45 8 38 47
14 21 26 39
7 1 38 47
45 8 10 12
13 36 39 17
30 42 9 6
43 44 6 26
2 25 45 21
4 47 41 5
34 34 2 41
3 14 36 43
30 3 5 29
28 29 1 35
3 42 39 46
25 5 30 35
4 6 25 35
1 25 28 12
22 32 38 5
39 14 10 1
12 19 45 12
19 6 2 39
32 7 5 43
26 45 46 6
46 44 4 28
26 9 20 41
45 4 4 16
6 34 47 14
34 10 8 40
10 39 41 33
22 15 6 1
21 7 32 44
43 46 46 1
3 40 8 11
11 45 12 5
40 46 10 39
18 30 47 12
38 41 47 14
5 5 19 45
26 32 10 3
39 23 3 2
29 40 18 13
30 30 9 14
32 39 26 12
35 31 17 46
21 5 3 37
3 37 41 35
4 9 34 39
35 41 32 9
41 27 11 35
38 18 21 43
45 28 4 21
14 10 36 19
21 28 4 15
32 45 6 13
5 15 34 46
1 46 10 24
17 39 42 21
38 9 3 46
25 41 21 4
25 9 43 23
41 46 31 19
28 40 19 16
28 36 24 8
45 37 6 5
41 41 8 35
46 34 3 41
36 10 20 30
42 27 15 20
20 33 39 13
7 22 26 38
46 5 13 44
30 38 19 9
45 34 6 23
36 12 5 15
46 6 12 6
9 46 3 15
36 10 22 39
3 36 45 35
9 45 21 20
22 36 7 17
15 44 1 14
2 42 39 23
47 40 17 35
4 30 43 9
42 9 40 45
35 27 11 5
31 42 40 21
28 32 4 21
28 10 41 45
29 4 11 26
21 25 3 11
11 23 38 27
24 38 45 26
42 10 23 34
11 46 39 18
21 45 43 32
16 40 42 32
30 46 39 9
43 44 5 34
40 22 16 5
10 6 47 43
22 27 40 4
20 46 43 14
9 7 47 30
20 20 5 36
36 47 7 20
38 5 28 41
10 45 5 10
27 37 25 2
42 33 4 32
3 44 23 2
9 4 46 34
13 4 27 26
12 42 3 21
24 13 12 38
8 38 34 10
11 5 1 36
36 21 41 47
25 10 46 40
40 46 28 20
14 12 22 43
18 43 22 2
37 6 3 32
38 7 6 18
6 16 41 36
14 36 36 11
8 3 14 33
1 38 11 11
25 44 34 7
19 5 8 45
3 39 45 17
33 29 11 13
32 42 17 6
25 47 2 10
39 46 30 19
6 16 42 35
5 41 7 8
37 6 21 34
35 4 9 40
47 4 36 38
38 30 5 33
7 11 31 25
20 34 40 18
7 33 21 8
34 26 4 4
30 11 2 8
26 39 23 9
11 21 46 25
21 13 19 42
4 9 26 20
29 5 43 33
14 7 39 19
11 31 46 29
34 23 5 46
46 43 3 23
24 44 35 13
26 37 14 3
38 17 36 47
38 16 5 1
10 47 21 18
42 43 10 41
25 43 36 2
36 10 43 35
21 37 45 26
40 16 20 37
37 29 11 5
34 5 6 24
28 44 37 21
2 30 37 4
13 21 46 41
15 25 45 5
2 25 41 26
13 6 12 43
22 29 4 10
6 15 34 10
3 11 30 16
12 46 3 7
42 43 5 2
3 27 9 3
42 42 26 6
8 19 31 46
29 3 26 44
32 8 13 24
6 34 42 46
4 24 36 25
46 1 13 47
44 21 30 4
17 14 9 36
47 40 9 47
40 3 4 6
39 28 20 3
6 28 43 29
12 30 32 5
18 40 39 5
47 6 18 20
13 47 40 13
16 22 42 3
42 44 31 19
9 7 37 26
4 7 33 22
4 3 40 38
9 16 20 35
21 43 35 16
39 39 11 43
30 3 7 42
5 34 27 6
23 47 33 22
42 26 12 17
19 4 35 19
6 1 2 42
16 21 40 44
10 39 44 37
35 31 17 4
45 7 2 12
38 1 17 24
36 6 2 5
34 3 14 35
46 41 3 11
22 47 28 9
4 30 18 13
34 8 8 34
46 42 13 22
31 37 29 3
19 34 6 7
15 3 40 35
46 36 15 20
15 21 30 5
7 33 41 44
38 27 8 10
10 35 32 43
7 17 28 47
47 30 22 21
36 11 17 40
12 28 39 44
3 13 42 22
39 2 34 29
39 46 29 18
21 14 43 30
47 37 12 4
2 35 40 23
4 14 39 17
43 43 25 2
25 38 8 20
40 16 28 43
22 37 40 4
3 4 35 26
10 44 4 18
36 43 6 35
40 3 4 29
13 31 40 36
44 16 35 39
40 20 3 15
41 42 37 1
19 11 26 39
1 46 19 26
6 17 45 27
30 31 2 45
33 25 12 39
34 6 21 33
35 2 28 42
11 28 26 12
17 43 43 11
12 47 43 19
41 29 18 7
7 3 28 35
20 9 44 1
32 14 9 36
1 46 43 42
21 42 5 11
1 38 29 42
4 39 46 34
16 46 21 3
43 42 2 43
26 21 17 43
23 28 42 40
28 10 44 47
5 32 43 14
22 47 13 22
45 6 46 39
47 43 38 10
6 26 45 37
6 16 31 21
42 36 19 18
20 18 45 12
43 43 8 43
34 24 46 42
20 17 8 40
12 43 36 24
37 36 38 7
36 13 11 5
36 13 11 6
40 39 8 44
21 3 31 43
21 32 26 5
40 41 30 17
36 37 23 17
22 38 35 2
6 31 41 47
13 1 16 45
27 26 2 40
43 18 7 21
27 21 4 8
47 41 22 20
42 45 11 5
30 18 5 38
31 14 13 39
39 31 3 8
43 7 33 28
42 35 20 5
29 13 36 38
11 11 46 45
32 27 3 47
37 9 10 37
37 42 3 23
37 33 33 6
39 2 24 47
23 2 17 45
38 5 9 11
34 14 7 26
40 11 3 7
3 15 44 33
26 34 43 1
36 27 13 40
33 9 4 43
9 11 30 23
46 31 46 1
46 10 22 34
14 47 6 1
13 19 45 8
14 6 15 46
2 3 2 39
10 40 27 6
45 30 36 4
14 5 34 42
7 2 4 45
43 14 1 12
8 7 23 38
4 5 41 6
23 41 46 12
11 37 35 13
22 10 26 37
47 6 4 11
38 45 37 9
21 41 7 13
33 14 26 41
39 37 12 9
2 40 27 4
43 1 13 18
10 15 6 44
7 42 43 39
10 15 47 14
22 5 4 29
28 40 27 7
35 2 14 22
30 41 25 3
32 11 2 5
14 25 24 1
14 39 42 28
42 45 30 21
4 4 3 33
44 28 14 6
46 8 25 35
7 21 32 43
4 9 45 19
18 35 40 2
1 23 36 4
10 39 4 5
9 10 5 41
6 9 32 46
37 40 17 8
20 41 7 14
3 47 32 13
30 35 13 14
44 39 10 38
42 6 20 25
4 45 45 22
6 46 40 42
2 44 12 23
14 47 25 11
25 2 38 34
39 11 43 43
16 45 47 45
46 11 24 40
4 10 12 40
44 4 33 26
42 10 7 12
25 41 3 14
24 6 25 40
11 11 15 39
16 35 40 11
17 39 45 18
33 9 14 39
21 41 43 26
11 44 38 21
33 19 18 41
42 16 3 32
24 35 1 10
26 45 22 2
42 27 19 7
8 19 41 37
2 22 19 42
6 13 46 42
4 46 18 5
43 13 11 28
11 2 39 42
34 40 19 24
5 24 33 43
30 24 6 9
10 36 4 3
47 9 39 46
13 39 45 13
46 11 29 34
4 37 38 18
23 24 44 33
44 19 12 16
15 44 4 15
15 10 34 46
14 37 46 23
31 35 1 37
15 36 28 14
22 34 36 2
5 33 32 3
4 11 28 4
11 35 44 25
22 45 2 19
16 42 7 19
23 40 10 1
21 46 32 6
22 41 1 9
16 25 37 7
8 45 25 7
42 40 4 14
11 35 31 4
39 35 9 29
4 41 20 15
1 10 45 19
42 11 8 20
47 35 40 12
8 14 33 35
15 36 45 17
4 8 3 43
42 38 32 7
13 17 26 38
41 6 31 44
9 36 33 24
45 11 25 43
42 29 19 19
46 32 16 39
4 35 32 38
27 18 3 28
43 31 8 33
19 15 36 32
43 22 4 34
9 28 21 46
47 24 7 14
35 22 23 42
18 29 31 8
37 22 7 43
13 34 43 18
43 38 14 34
37 14 23 34
43 18 1 6
13 47 6 17
14 4 28 37
15 46 20 3
8 2 29 15
45 4 32 30
12 35 38 11
7 27 25 40
11 6 13 35
4 4 23 26
33 45 13 33
11 35 44 25
24 40 44 28
15 22 34 46
41 42 2 2
2 46 30 38
46 38 18 27
5 27 35 15
46 34 7 47
39 5 4 16
16 39 43 11
30 46 46 30
28 42 20 15
45 8 6 9
23 46 8 1
4 7 26 47
41 37 20 14
4 3 44 20
3 11 46 11
31 40 44 18
17 45 32 22
34 13 9 2
3 27 36 13
25 2 38 21
31 37 35 3
46 25 14 7
7 30 44 34
16 40 28 21
32 46 34 7
9 7 33 20
1 41 46 9
27 43 39 2
46 8 34 46
18 4 30 34
4 32 45 3
23 8 7 35
29 44 4 33
18 30 46 37
8 15 46 19
35 4 38 33
42 4 5 24
42 33 3 37
14 17 42 30
6 14 11 45
11 2 38 9
18 18 4 44
32 6 3 4
22 3 31 40
29 4 30 47
29 34 3 43
25 37 42 14
15 43 39 14
10 17 26 46
39 8 46 40
15 41 29 8
27 25 6 40
35 23 9 27
20 47 24 12
3 16 15 43
40 14 25 36
1 36 23 26
39 21 16 28
17 41 44 7
19 23 41 5
31 45 11 21
32 39 39 10
26 42 45 20
38 13 12 28
13 11 4 47
23 28 43 2
42 44 43 1
44 10 14 20
8 11 43 39
30 21 11 2
20 27 3 47
42 19 10 35
42 4 28 33
12 24 3 3
3 2 17 28
1 45 19 27
30 35 1 36
47 36 15 37
45 45 43 16
12 23 42 1
6 5 24 40
44 35 3 38
17 42 33 28
18 9 35 33
40 27 3 45
1 40 20 19
14 27 39 19
27 25 47 39
22 37 25 10
46 17 13 13
5 26 41 43
21 11 30 47
9 6 37 23
24 46 22 4
12 13 6 40
28 20 3 39
44 34 20 3
19 37 30 6
3 2 13 41
25 38 45 10
9 7 33 25
2 22 19 37
42 25 19 3
47 43 11 31
32 42 27 10
14 32 25 11
24 6 39 23
21 11 47 30
33 39 2 25
40 8 23 46
36 37 19 15
3 10 44 1
43 40 18 34
5 13 34 20
36 18 19 42
3 41 46 44
30 2 6 16
40 7 10 28
47 9 13 27
1 38 46 10
31 12 12 30
29 3 41 32
2 37 5 2
39 7 16 39
10 11 36 3
43 27 2 6
26 11 16 46
1 25 39 11
23 8 35 41
