14 42 7 39
3 31 43 45
7 21 45 41
38 1 36 47
32 25 24 47
1 6 44 42
19 32 40 22
23 39 10 6
34 45 35 1
14 16 25 10
6 29 44 2
31 39 39 43
10 46 18 38
7 22 11 7
23 4 1 11
14 38 1 24
20 8 15 19
14 13 37 3
1 36 31 3
27 10 16 23
26 24 35 22
14 42 7 17
37 19 14 5
20 21 15 43
37 32 6 3
10 5 4 18
30 9 40 45
23 16 47 7
35 38 25 12
12 15 29 26
37 29 29 38
38 5 34 28
1 12 35 1
21 7 36 42
45 24 1 12
11 35 27 42
21 12 26 3
47 7 36 34
25 43 35 20
47 14 46 4
34 4 40 8
16 30 35 35
42 44 19 41
12 29 33 39
17 43 20 6
3 19 19 10
24 38 42 6
43 40 12 12
24 42 47 42
43 29 21 17
13 44 29 38
12 12 21 28
16 35 31 38
8 21 38 29
27 22 15 43
8 9 3 14
17 25 29 36
16 27 47 9
24 36 5 23
45 2 30 19
42 20 8 40
10 20 8 45
27 27 7 3
22 44 9 1
39 41 4 29
3 33 7 4
20 27 36 15
44 4 25 45
28 8 4 26
38 42 33 27
22 24 40 30
7 7 8 35
20 39 29 18
5 10 19 45
34 7 14 29
4 12 35 4
24 8 12 17
11 31 28 10
36 47 21 17
43 24 11 30
41 20 1 30
27 46 23 1
39 1 33 46
11 4 37 34
35 39 26 38
43 45 28 38
20 33 3 25
36 3 45 27
17 22 46 8
16 23 44 36
22 9 45 5
42 12 4 35
12 37 37 38
36 9 27 10
29 40 7 4
23 40 41 23
11 5 15 36
14 42 13 15
8 39 8 11
40 35 3 13
23 33 2 7
25 42 19 2
4 29 22 32
46 8 41 14
22 18 44 33
38 21 16 19
36 13 36 35
12 21 44 38
34 21 6 15
26 28 11 25
20 17 35 36
30 34 40 9
37 30 9 14
18 8 13 14
40 1 29 19
18 11 29 41
16 5 25 35
44 28 35 11
23 3 39 17
34 38 44 3
8 11 38 24
38 12 4 27
20 33 45 15
9 38 17 25
7 8 31 13
14 17 45 11
12 4 44 45
22 33 11 28
26 28 42 42
37 13 33 46
3 19 6 44
43 22 32 6
22 18 5 39
19 46 22 14
4 18 19 9
26 15 7 18
12 2 29 31
41 46 37 1
38 20 11 11
26 40 24 3
16 29 23 37
7 6 26 23
20 8 28 11
28 30 20 22
4 19 30 39
32 44 26 22
18 24 1 41
2 24 2 34
45 40 29 29
47 35 44 15
17 46 12 18
21 24 14 6
22 45 15 19
45 11 35 12
18 3 6 34
7 3 8 36
36 17 15 46
13 13 20 37
45 33 20 18
23 1 10 41
34 29 16 19
8 28 34 4
36 42 39 13
19 31 33 30
30 38 44 14
20 38 12 22
22 43 22 14
5 41 1 9
13 7 29 29
36 22 22 26
47 45 42 8
7 21 12 33
27 27 18 41
5 20 26 14
12 39 27 46
16 44 28 10
38 10 33 19
46 12 28 17
7 30 42 36
42 32 47 42
19 22 10 34
14 9 45 24
43 9 21 3
32 27 19 47
16 35 36 25
17 19 38 17
26 19 5 37
20 27 31 23
41 26 28 4
7 22 19 22
10 13 44 35
20 47 46 13
14 20 25 5
35 35 18 22
21 35 41 14
2 19 23 25
7 2 36 43
15 41 19 31
35 16 2 36
35 13 21 14
21 30 19 41
14 33 31 13
29 19 21 39
43 10 4 15
33 19 39 37
41 40 23 3
19 43 46 13
34 12 44 45
13 16 40 17
22 9 16 39
33 3 26 41
38 21 10 32
11 45 42 1
35 9 12 44
19 38 27 21
17 23 40 43
6 43 38 42
4 43 7 28
45 40 26 25
34 42 42 30
10 9 42 12
26 20 24 5
3 39 40 33
2 19 6 32
15 4 6 15
25 47 20 18
4 37 23 21
30 20 27 42
29 42 21 36
9 39 20 6
39 14 2 46
23 41 11 28
28 47 21 14
23 44 27 9
22 25 47 44
34 3 5 30
43 18 20 19
7 16 16 28
1 3 16 42
12 28 31 36
38 28 29 9
28 11 44 6
33 7 9 19
45 1 16 40
6 47 23 13
38 24 45 4
32 5 29 32
1 25 14 18
9 3 45 16
30 25 38 18
40 45 27 19
21 8 32 39
9 22 11 11
13 5 39 42
45 9 5 4
40 42 17 41
24 8 37 34
14 35 31 11
24 6 5 22
26 46 40 27
29 41 41 25
12 24 13 40
36 45 4 20
35 20 23 16
46 44 34 36
32 27 14 2
43 24 38 34
38 12 33 43
23 2 5 32
19 6 44 2
4 33 38 41
43 12 9 30
43 18 10 45
9 43 46 31
32 21 3 8
1 13 17 41
38 7 22 14
21 16 36 32
2 10 15 26
45 19 17 19
40 8 21 17
39 14 39 1
34 3 46 25
16 46 32 6
2 39 37 40
47 7 22 38
41 18 3 14
27 14 1 6
9 20 46 35
34 40 8 28
13 15 15 30
29 6 5 12
23 6 40 10
42 24 40 10
37 36 46 16
27 17 33 25
15 3 13 16
9 8 41 32
7 33 37 30
2 44 33 45
30 30 45 24
27 9 8 47
23 13 7 2
46 47 13 31
9 45 26 5
38 17 6 11
41 27 6 23
9 6 40 10
36 47 45 45
9 13 29 47
38 40 20 7
22 14 35 40
4 38 14 5
41 47 29 47
20 28 7 7
28 47 30 3
12 26 19 2
17 12 4 34
9 16 41 42
28 33 45 33
6 46 21 38
23 7 14 30
31 23 16 13
32 27 40 43
41 33 17 35
15 41 37 14
30 12 40 3
19 40 3 43
22 42 35 22
18 2 14 38
2 11 21 16
40 31 27 24
40 5 9 4
23 30 32 38
19 12 38 6
37 9 4 15
33 9 17 8
45 17 40 36
31 30 41 14
43 5 15 22
18 30 36 2
12 30 4 34
4 24 35 6
19 16 42 8
27 29 3 22
10 47 35 34
8 35 18 39
37 19 30 16
11 8 20 32
45 14 35 12
12 25 33 26
1 6 43 11
9 28 5 12
42 20 37 36
41 25 5 25
30 41 19 28
44 45 6 14
9 21 33 46
14 9 30 45
8 10 38 9
17 38 43 22
39 13 19 23
42 40 20 11
9 9 14 17
36 14 4 8
7 16 23 42
37 44 28 27
43 1 25 10
47 6 13 19
12 38 38 19
22 38 28 8
34 23 27 41
28 14 26 6
42 9 6 28
46 3 33 4
30 6 13 46
38 43 16 10
43 40 7 37
29 16 21 25
17 41 35 17
44 5 44 30
8 13 8 2
18 35 27 9
22 44 45 6
27 40 32 3
28 8 41 38
47 39 17 43
5 40 39 20
24 13 31 38
23 7 8 1
35 46 22 32
43 31 31 36
31 44 45 15
29 47 40 5
31 29 40 38
10 24 7 14
33 43 7 34
45 10 37 13
35 45 36 14
30 27 36 20
12 41 46 15
35 41 15 39
39 9 25 3
23 44 11 10
20 7 36 22
19 33 11 29
41 46 44 37
25 5 21 14
8 44 16 22
46 5 2 43
37 17 24 47
19 10 4 20
28 8 36 39
17 46 24 36
4 24 28 16
24 38 6 17
20 18 18 26
44 40 21 4
12 1 6 43
9 37 24 39
6 28 16 13
35 37 45 32
12 32 25 47
17 21 46 3
42 7 30 33
22 18 8 34
45 8 1 24
22 33 29 10
35 3 20 44
25 37 20 11
5 20 46 34
19 36 38 22
3 20 34 27
35 34 39 17
46 33 28 39
8 11 4 40
45 36 14 46
32 26 4 5
13 16 10 4
27 11 27 40
23 8 34 35
38 29 2 9
20 22 41 16
3 4 28 27
9 43 37 18
24 35 12 35
5 9 19 28
1 45 41 3
46 42 10 44
39 47 17 12
14 20 29 47
36 22 32 13
38 17 24 47
12 26 23 39
38 47 32 30
46 47 15 29
38 44 26 4
22 47 11 31
15 39 25 14
23 9 9 44
14 46 11 31
35 4 28 33
34 28 22 18
9 8 32 46
18 2 7 6
8 47 46 42
23 35 44 15
9 14 33 7
11 25 18 8
42 35 26 31
2 30 7 16
38 31 31 13
8 8 26 40
34 22 8 33
30 47 1 5
41 24 2 43
21 29 4 20
11 15 43 19
9 5 17 14
5 46 8 7
35 11 13 35
1 10 25 37
38 34 36 10
11 25 36 3
6 9 26 28
27 38 21 11
36 11 44 19
13 12 4 27
20 34 45 17
6 2 37 18
32 8 21 45
40 12 37 23
21 14 29 36
25 11 28 31
7 30 34 12
33 13 14 9
13 26 12 6
44 7 19 23
28 5 12 21
11 45 43 41
9 14 30 39
19 44 11 13
23 34 7 23
12 34 21 47
39 33 13 12
39 26 7 29
45 18 36 23
37 16 6 15
15 28 11 5
5 36 6 7
22 17 10 24
25 37 14 1
17 12 22 47
44 19 44 32
20 7 5 27
46 23 35 16
34 41 7 23
2 6 19 4
40 27 31 29
18 2 32 3
17 14 39 9
20 15 39 25
38 14 2 37
34 24 45 8
4 45 16 4
5 8 5 37
8 37 15 46
6 9 33 25
7 15 16 24
31 27 39 33
26 10 15 21
11 44 11 12
5 38 27 29
27 31 11 30
32 9 38 2
1 35 42 17
27 14 30 47
27 3 4 2
45 10 21 7
33 10 43 35
3 45 7 17
45 3 3 43
34 30 25 13
27 5 8 43
44 31 26 40
46 15 22 5
40 8 9 42
34 6 8 34
42 39 15 3
46 7 19 38
34 14 45 17
4 13 43 23
15 27 3 36
16 21 41 44
20 22 7 6
4 45 18 46
17 12 3 26
47 35 34 40
22 47 30 15
45 35 15 25
10 20 29 20
31 39 18 2
44 19 13 38
36 40 29 9
29 5 39 12
30 15 25 44
18 39 29 31
24 47 39 37
33 28 3 28
13 28 3 16
8 27 47 11
8 27 34 9
47 4 12 46
46 2 39 44
5 33 36 36
44 36 40 2
7 13 35 6
31 27 40 35
2 23 45 47
35 13 2 7
41 21 12 42
28 45 37 4
9 18 4 29
29 30 45 4
28 23 9 34
20 44 28 41
36 22 5 30
40 21 26 16
36 18 41 44
39 43 6 9
23 27 7 20
28 18 3 36
23 8 8 5
26 16 35 30
40 6 17 27
11 14 34 45
32 24 3 46
1 40 30 34
22 8 8 7
13 25 5 44
24 36 13 7
41 2 36 24
30 24 28 34
6 30 40 21
38 25 23 27
33 13 26 16
26 36 28 7
35 43 12 6
30 32 15 36
7 31 33 45
28 8 39 6
10 33 44 21
47 39 19 20
7 44 9 31
14 45 45 12
12 41 5 6
6 39 10 4
38 29 37 4
6 20 41 20
31 19 36 25
4 3 10 27
4 18 10 2
35 4 6 33
35 29 41 47
1 6 4 36
22 46 4 34
19 38 46 32
9 6 12 32
21 42 18 10
7 4 1 19
47 13 35 36
35 47 11 3
19 14 6 39
44 19 8 19
36 35 45 6
10 12 20 40
30 32 27 43
22 21 8 21
13 32 44 4
17 3 13 15
21 12 41 39
40 44 28 5
46 23 4 21
7 46 31 14
8 41 9 32
28 6 20 9
27 26 37 26
35 2 40 7
8 41 33 13
8 17 6 26
29 28 10 36
47 12 35 36
29 9 21 28
19 42 23 11
37 36 45 13
42 3 28 22
44 47 42 12
38 14 30 1
22 20 36 13
37 44 45 29
9 4 44 14
28 39 6 7
7 16 45 32
42 15 13 46
28 35 24 11
13 9 47 19
13 33 20 14
27 24 6 45
20 45 6 30
3 4 14 4
8 13 25 14
21 23 39 2
43 19 13 16
36 1 23 22
44 41 2 44
44 41 38 32
21 13 30 23
41 17 7 40
12 7 38 27
35 45 26 44
23 1 9 19
42 41 12 1
29 37 36 26
37 23 11 42
41 45 23 15
34 38 42 24
27 11 11 16
37 27 38 38
12 12 2 7
1 40 12 40
2 30 31 25
28 19 2 35
7 42 36 13
17 46 26 10
10 24 26 43
18 19 2 13
36 31 4 9
15 24 34 34
42 2 9 35
24 40 4 36
4 21 18 10
6 26 20 14
23 1 20 46
9 5 19 26
40 9 20 7
10 1 44 5
39 10 17 44
32 43 14 45
26 30 35 22
27 45 27 22
42 20 17 45
5 44 14 28
13 40 1 43
42 43 27 46
18 5 8 27
40 31 5 25
45 19 17 27
20 17 19 43
44 3 35 28
27 42 13 36
31 37 16 36
18 46 18 3
27 15 23 8
11 41 28 16
2 19 27 24
43 2 24 45
14 16 18 34
43 20 15 8
9 9 23 18
16 38 10 42
27 27 4 31
1 19 36 18
27 25 18 9
14 4 24 46
47 10 23 35
23 46 37 23
35 31 12 6
23 30 5 5
34 44 4 26
35 5 23 25
16 39 12 12
8 44 3 20
7 34 21 17
14 13 34 43
22 9 4 24
35 29 4 6
28 20 29 38
38 39 46 44
41 16 17 24
36 32 29 41
46 47 40 6
28 38 44 36
30 2 25 36
26 42 7 1
15 38 38 5
44 42 37 36
30 33 10 15
41 18 6 45
39 6 7 39
14 25 23 45
13 12 11 23
45 33 37 3
5 22 35 46
41 30 30 5
13 4 15 12
17 26 6 47
13 4 23 28
39 12 18 18
43 20 11 44
14 35 45 36
31 14 17 38
33 45 12 29
19 6 36 23
10 35 43 40
31 10 6 20
36 23 46 10
44 37 17 22
29 4 18 42
24 43 39 20
32 24 5 24
4 41 41 5
3 27 5 19
25 47 17 45
5 46 21 38
37 40 8 10
46 34 47 46
9 26 34 5
39 21 13 4
8 42 41 29
24 47 35 1
33 37 15 6
23 40 3 47
43 13 10 8
43 4 22 14
44 41 8 10
5 6 45 17
41 1 31 20
6 39 12 18
10 46 36 8
40 42 22 47
41 2 18 14
16 35 37 17
5 21 3 13
11 18 4 42
17 37 37 29
11 26 7 17
22 16 34 43
22 6 10 32
41 28 21 31
32 14 38 43
31 28 8 41
34 11 41 38
28 34 24 40
22 11 33 25
26 18 40 43
23 35 9 33
16 3 38 45
46 14 24 4
13 43 34 24
13 32 31 4
8 19 39 10
6 5 13 21
9 28 31 23
21 19 29 29
15 39 35 43
3 4 47 10
39 45 19 38
41 24 11 45
6 18 13 23
3 16 42 33
20 34 4 23
31 21 39 39
3 12 32 6
30 1 5 37
35 47 32 4
37 20 8 10
41 26 35 5
11 33 33 46
27 14 10 13
26 5 9 27
11 14 46 32
6 42 10 24
38 3 3 8
14 25 40 44
38 3 2 37
43 19 3 35
8 42 12 23
24 8 20 46
24 8 41 8
40 47 31 24
18 36 9 21
40 28 14 3
14 6 37 26
10 20 38 16
5 20 30 47
12 23 24 42
19 47 28 44
45 14 36 8
16 28 16 46
8 18 8 4
23 30 14 36
31 14 32 27
42 29 17 42
45 44 22 12
3 39 5 16
5 14 14 43
36 7 9 16
42 19 1 45
43 15 21 40
29 41 47 7
22 40 38 20
35 21 22 12
44 45 23 42
32 10 24 7
35 41 36 23
25 13 45 36
2 18 26 39
37 39 24 2
34 35 46 12
2 13 30 40
46 24 7 33
20 14 23 1
37 18 23 27
24 11 38 4
38 31 20 12
37 19 9 46
42 40 31 8
18 43 21 12
6 26 3 1
34 23 4 46
15 46 27 29
36 36 7 7
26 22 36 11
23 16 45 20
2 39 41 18
22 33 35 20
32 23 13 18
19 25 22 34
35 18 21 28
44 3 9 17
10 42 38 12
29 26 6 9
27 45 32 40
1 6 36 25
28 16 6 22
6 41 40 2
37 31 32 25
41 33 44 13
22 34 10 2
39 35 47 40
16 12 32 13
12 14 2 10
41 46 23 47
15 38 34 12
12 29 43 41
18 35 45 38
9 2 37 34
36 20 9 45
4 10 28 28
3 47 21 22
42 38 23 30
5 37 23 1
6 34 23 21
46 44 14 7
17 21 3 44
5 8 21 26
22 46 4 36
18 34 38 17
29 6 47 40
3 35 9 3
43 47 21 2
30 24 20 6
5 8 38 30
37 37 2 6
46 8 28 8
39 4 25 9
23 43 31 40
42 26 20 36
5 20 10 41
33 22 8 42
43 37 28 38
12 21 39 11
36 24 41 35
43 5 30 5
16 6 44 4
15 29 14 6
5 27 23 3
8 27 35 16
3 30 27 9
3 46 25 14
36 35 31 29
26 44 22 34
11 8 31 41
35 38 31 19
25 40 24 6
19 28 33 27
17 21 33 45
24 47 5 8
31 46 45 9
43 35 30 22
10 10 41 40
9 32 3 44
13 28 19 37
1 38 28 13
35 9 42 46
42 4 20 8
18 11 39 8
9 16 39 26
26 28 33 4
10 43 41 35
1 37 12 26
34 29 46 12
24 9 40 29
5 45 47 4
27 33 21 21
3 35 46 35
43 14 32 19
39 18 4 5
29 8 43 28
10 29 29 10
29 43 23 37
39 16 44 28
34 26 15 24
38 29 5 12
1 35 33 8
31 3 2 39
18 43 39 20
3 26 45 42
46 42 17 44
30 19 41 47
23 16 5 18
36 46 26 40
19 41 42 4
41 17 39 7
9 47 42 47
22 24 43 28
35 26 16 12
31 38 9 20
43 14 44 33
41 38 19 3
