43 1 6 35
4 45 46 10
6 47 37 2
8 41 41 1
9 1 41 43
2 5 41 37
30 4 3 47
5 12 46 46
5 4 38 47
2 7 40 43
18 4 45 47
43 47 11 8
4 9 43 46
45 41 7 5
47 37 4 9
43 41 1 8
40 44 11 1
9 45 38 3
44 3 1 39
17 4 46 45
1 5 44 44
46 8 2 43
8 46 47 8
46 2 4 42
39 3 1 35
36 1 4 39
13 46 46 7
2 35 44 4
42 46 5 9
6 43 46 3
39 43 10 1
6 41 46 8
4 38 46 6
40 3 1 43
41 44 8 1
10 47 42 1
6 40 47 3
5 39 47 7
4 7 39 42
2 11 45 45
45 2 3 32
41 47 9 5
2 46 41 1
11 2 45 40
45 33 3 3
9 47 42 2
5 31 45 1
2 39 45 12
6 41 46 4
42 45 14 2
6 43 42 7
40 3 11 46
47 41 7 6
44 2 1 37
42 43 7 3
44 40 13 1
46 2 7 36
1 35 43 7
2 39 47 3
46 2 4 39
36 46 9 2
44 2 17 45
44 1 9 44
13 1 40 45
43 8 3 47
9 43 40 4
7 12 45 44
47 38 10 5
46 2 5 45
46 44 8 11
47 10 9 43
42 4 10 45
39 46 7 1
39 1 8 42
44 43 5 6
4 1 31 45
5 3 40 44
9 43 46 5
9 7 45 41
3 10 46 41
3 46 44 9
45 4 3 38
47 5 1 40
8 1 40 46
4 46 46 9
1 41 36 1
2 12 43 43
2 12 40 44
45 35 1 7
45 42 5 1
1 4 44 37
43 45 15 3
8 5 38 45
41 43 5 6
46 10 7 46
44 6 3 36
2 8 38 47
46 46 8 5
5 32 46 2
3 42 42 5
46 44 5 2
5 44 40 2
10 44 41 5
47 6 13 42
41 43 1 13
5 37 47 3
1 8 41 40
38 39 3 3
42 14 4 47
47 42 3 10
6 2 46 47
6 41 46 5
6 44 44 6
4 4 46 35
3 47 43 6
38 4 1 46
4 8 47 46
43 43 4 9
3 2 34 43
45 47 7 13
2 46 46 15
8 1 37 46
47 38 7 8
11 47 45 7
46 39 14 1
43 45 6 2
4 6 38 43
7 5 38 47
4 6 35 45
3 45 39 1
40 2 5 44
7 3 43 42
31 5 1 45
47 44 5 14
45 3 1 44
42 38 6 2
1 5 40 36
42 1 16 46
3 47 38 6
4 41 40 5
4 36 40 1
47 6 4 45
44 46 11 6
45 30 1 3
3 3 46 34
1 45 37 10
5 42 45 11
4 1 34 41
9 45 45 1
11 46 40 2
43 44 6 1
5 7 43 40
3 47 46 3
45 3 1 43
3 47 39 5
43 13 1 43
45 40 1 11
12 45 45 6
2 9 36 45
1 6 38 46
45 46 4 2
4 2 36 42
47 13 4 45
42 4 2 34
10 1 46 40
35 1 2 42
8 46 44 6
10 6 43 46
4 1 46 43
41 8 5 42
16 3 47 45
3 43 43 12
45 3 10 39
5 46 46 9
37 4 1 38
44 6 4 44
12 44 46 2
37 42 1 7
3 7 39 46
44 6 11 46
44 41 1 6
1 37 44 6
3 43 38 8
12 7 46 46
3 1 42 42
43 43 10 4
42 8 8 44
44 14 1 42
33 4 5 46
43 2 13 42
7 41 43 3
39 1 11 45
6 47 36 1
37 4 3 44
36 4 7 47
9 41 43 2
44 46 10 1
36 1 3 46
15 42 46 3
11 7 45 46
8 41 45 1
1 4 45 42
40 3 4 44
2 5 42 42
36 43 4 4
3 44 46 15
11 43 46 8
47 3 13 46
4 5 37 47
40 1 6 43
43 44 1 11
46 35 7 2
10 43 47 9
4 5 37 43
3 6 41 39
36 5 1 43
8 44 46 7
1 12 47 45
44 6 9 46
3 14 47 43
10 11 46 45
36 46 6 3
1 12 46 40
42 46 13 1
46 2 12 43
4 45 44 10
5 8 45 43
32 43 1 3
45 8 5 41
47 45 3 3
46 5 2 38
3 44 38 3
4 10 47 43
15 3 45 44
13 40 45 1
8 2 45 42
47 44 1 10
2 10 45 47
43 2 5 36
5 47 44 6
1 38 46 11
9 41 42 3
2 12 39 46
41 45 7 5
6 42 46 6
6 1 47 44
2 42 46 15
46 6 8 38
34 4 6 46
16 45 45 3
47 4 5 34
47 7 11 42
4 9 43 40
39 2 9 47
44 42 6 3
6 43 47 11
46 43 5 4
39 47 9 6
37 43 6 1
37 47 3 11
41 38 1 5
37 7 3 46
46 3 13 45
3 9 44 46
45 2 16 46
45 41 11 4
42 2 6 42
43 44 11 1
7 38 46 3
45 5 8 38
3 43 38 7
40 2 10 43
5 2 45 38
2 37 45 10
40 43 3 2
10 46 38 2
44 44 7 3
2 4 30 47
2 43 33 3
14 47 40 3
39 47 10 1
12 42 46 6
40 39 4 1
6 42 47 10
47 7 7 40
44 1 8 39
1 8 39 47
3 40 37 4
46 9 7 46
9 47 42 4
5 40 44 7
7 37 44 2
9 1 37 46
12 46 46 6
44 4 3 36
38 47 3 8
8 43 43 2
3 39 38 3
36 1 5 47
46 41 5 6
2 44 47 9
44 6 6 42
9 44 47 4
1 44 39 6
6 2 38 40
4 5 41 47
1 44 37 7
39 8 1 42
5 47 46 16
45 40 1 5
5 47 46 9
5 1 47 43
3 42 45 14
1 45 42 7
6 5 40 47
43 5 4 47
5 4 47 40
5 2 47 35
8 43 44 4
7 45 41 1
45 5 5 36
43 47 5 5
46 2 7 35
46 4 12 43
11 46 46 1
8 1 46 38
3 39 39 1
36 47 8 5
10 2 40 45
1 3 40 40
44 9 1 43
4 45 34 2
39 43 8 3
44 46 4 11
3 45 44 9
2 42 41 2
41 41 10 2
13 45 46 8
7 3 45 47
39 2 1 35
46 40 2 8
4 46 34 5
44 1 15 42
3 7 35 45
39 1 5 37
12 3 45 46
44 1 13 44
13 6 47 43
6 47 43 3
42 46 7 11
47 40 3 4
14 44 46 4
4 4 42 37
2 44 47 10
41 10 6 46
44 43 1 4
44 12 8 46
43 1 1 43
14 47 44 2
46 2 8 34
45 40 5 2
10 47 37 2
42 6 4 39
4 13 45 44
41 12 2 43
41 45 9 3
2 35 45 2
39 2 12 46
42 45 4 8
45 3 2 40
12 2 37 47
46 4 5 37
16 42 45 1
45 45 4 6
3 42 36 2
47 37 4 6
4 45 36 3
3 4 41 42
2 42 36 6
5 43 42 8
4 6 43 45
42 10 3 45
14 44 44 4
2 10 47 44
46 5 4 33
38 2 1 41
7 2 35 44
2 41 41 2
46 45 14 2
44 9 11 47
43 47 5 8
44 12 6 44
4 2 36 42
14 1 43 46
43 44 11 6
40 1 9 42
5 46 43 3
10 5 45 41
4 42 42 2
43 11 5 46
47 46 7 14
2 3 45 45
44 7 4 47
11 42 46 5
3 34 43 1
39 7 5 45
7 4 41 42
43 44 8 2
47 45 4 3
45 38 5 2
5 41 43 1
7 39 42 4
38 40 4 2
5 9 39 45
12 1 42 45
45 40 6 7
7 40 47 4
5 34 45 2
47 4 4 38
46 40 11 2
46 41 13 4
39 46 3 2
38 43 7 1
47 36 5 7
13 47 47 3
46 44 1 3
1 46 35 1
8 42 44 4
39 7 2 40
4 46 42 4
39 6 1 38
46 1 16 46
45 43 14 2
1 7 37 45
47 45 1 19
7 13 44 46
44 2 11 45
11 44 47 9
2 43 45 3
4 14 41 47
40 2 6 47
44 41 8 2
3 44 37 7
9 45 45 9
11 8 47 43
2 8 41 40
47 45 15 3
8 44 43 3
2 2 40 34
5 39 47 8
45 6 2 37
2 4 41 39
3 9 43 47
47 38 8 7
3 2 44 37
38 44 4 7
43 37 3 2
45 45 12 7
39 4 7 45
45 7 9 44
45 39 3 2
17 46 43 2
46 2 11 47
7 47 36 2
41 2 11 43
37 45 6 1
40 6 1 40
34 5 2 43
2 4 38 46
41 4 9 44
45 38 3 6
14 1 44 47
9 40 46 4
43 43 7 1
46 47 3 13
4 8 39 45
47 5 6 37
9 2 40 47
7 45 46 10
6 2 41 44
6 3 39 42
44 47 2 5
47 41 5 8
46 47 2 20
46 40 4 1
9 40 43 3
2 3 45 34
43 42 1 5
45 45 7 1
45 2 11 47
46 15 5 47
6 1 32 45
44 12 7 45
47 35 1 8
46 42 4 1
39 9 6 47
12 7 44 45
40 47 14 1
12 6 43 45
42 45 8 1
3 42 40 2
9 39 47 5
41 1 12 47
35 3 2 41
4 15 44 45
46 2 4 46
11 47 43 5
1 9 40 46
3 34 45 4
13 1 47 45
4 1 37 41
42 3 11 46
6 47 45 12
47 10 4 39
47 10 9 45
4 46 38 1
9 45 47 11
35 2 7 44
36 43 4 5
2 45 37 4
44 11 10 47
3 47 42 6
45 11 6 44
44 44 3 5
6 47 46 1
46 39 3 5
41 47 13 1
1 39 45 9
43 46 7 12
12 46 46 7
43 4 4 37
44 41 5 1
46 4 10 47
7 1 41 41
47 38 14 1
3 3 46 40
39 41 1 3
1 10 44 44
7 45 46 14
3 40 46 10
40 42 4 8
39 1 2 34
47 46 5 18
45 3 1 39
37 45 1 9
9 7 44 44
2 38 45 10
5 14 47 44
46 7 8 46
40 2 4 45
46 11 4 39
45 1 6 35
1 46 37 9
35 8 2 46
35 46 2 2
7 47 45 10
8 41 45 1
45 47 9 2
1 44 41 1
44 1 4 46
3 2 45 41
41 44 3 10
43 11 7 47
7 8 46 47
46 45 2 14
45 8 9 42
39 1 4 38
4 47 37 6
4 2 45 35
9 45 47 10
8 47 36 2
7 8 42 44
45 46 8 10
5 44 47 14
45 47 7 10
39 42 9 1
41 4 5 45
7 42 47 3
5 1 46 30
46 47 5 2
11 1 44 41
13 42 44 3
42 2 12 44
46 40 4 5
41 10 3 46
11 2 46 42
43 12 4 43
4 4 44 40
6 45 41 6
10 46 47 10
9 46 38 4
44 46 9 8
8 5 41 43
45 45 9 9
47 9 5 40
46 41 14 1
40 45 3 8
1 5 34 45
46 44 11 7
20 2 47 46
43 42 1 3
46 40 1 11
40 37 3 2
34 4 1 44
43 41 7 6
44 45 15 3
2 36 46 1
40 44 3 9
4 43 41 4
5 6 47 41
46 2 21 47
5 14 46 47
2 46 37 1
6 47 47 9
46 7 2 38
36 7 6 47
47 30 4 3
45 44 3 13
3 8 38 47
45 2 3 33
6 46 38 5
45 41 5 3
46 4 2 39
46 36 2 8
11 46 38 1
2 46 33 7
39 1 7 40
5 2 47 45
3 45 42 1
3 16 42 47
46 46 5 7
4 4 40 44
10 3 45 42
6 47 46 15
47 46 6 2
36 43 5 2
47 44 16 5
46 46 6 15
44 39 3 2
4 1 35 45
6 46 47 12
38 47 2 5
7 40 45 3
44 3 3 33
42 3 3 36
39 9 6 47
40 38 4 2
36 1 9 45
47 5 11 44
46 36 4 1
47 41 11 3
6 40 38 1
43 5 6 38
44 1 1 43
9 38 43 1
2 44 39 7
35 41 1 5
6 45 34 2
3 42 42 11
3 45 32 4
1 14 43 46
41 2 4 40
41 43 4 4
1 6 38 43
4 44 42 11
41 39 3 4
9 43 40 1
46 42 4 4
6 39 45 3
5 5 40 40
8 8 40 47
35 47 4 6
10 43 45 8
39 46 10 4
5 6 46 46
4 36 43 4
10 3 36 47
47 39 3 9
6 46 47 6
45 45 5 1
1 40 35 1
2 3 44 46
10 6 45 47
5 46 41 1
5 3 37 43
47 42 16 3
47 38 1 5
45 1 2 38
5 47 43 6
10 46 40 5
40 8 2 41
3 39 45 10
12 3 41 47
43 10 8 46
3 44 32 3
1 9 42 38
45 45 11 3
5 43 44 1
46 7 3 43
35 7 1 43
13 2 41 45
47 46 7 12
9 1 41 43
46 45 10 7
46 38 4 8
8 45 47 8
47 46 2 18
4 5 45 34
40 4 3 44
35 1 5 43
1 3 43 32
7 4 45 36
13 47 41 5
41 45 4 8
7 44 37 2
46 41 11 2
3 5 46 44
1 10 45 42
6 41 43 3
47 7 9 41
47 9 5 47
4 40 47 6
47 46 11 4
37 2 10 47
1 5 47 37
45 31 2 4
3 6 38 47
5 7 39 46
8 43 41 1
5 40 46 3
47 11 11 45
4 43 43 8
30 47 4 3
47 40 5 9
1 46 39 2
5 41 40 4
45 4 2 34
38 42 7 1
5 3 43 38
12 46 44 5
3 8 46 39
6 1 44 40
35 3 4 46
2 7 39 47
46 38 8 4
47 44 5 5
3 6 45 47
2 40 43 10
39 46 8 5
46 40 7 2
37 47 10 2
46 38 4 2
3 9 41 47
41 46 8 1
41 46 3 12
35 4 2 41
46 3 4 38
36 5 3 42
1 36 44 7
44 47 13 3
5 1 45 35
4 45 47 11
46 7 10 44
2 6 37 44
35 2 6 43
3 45 46 2
45 4 11 43
2 37 46 8
46 37 3 2
43 38 2 3
43 47 14 3
5 10 47 42
11 4 44 46
5 47 43 13
47 43 1 10
43 40 4 6
4 3 36 45
43 7 6 45
3 7 42 39
36 9 1 44
7 42 44 6
44 3 12 45
45 9 4 38
9 1 44 42
47 44 5 2
45 33 5 1
3 15 45 46
4 5 46 41
46 6 2 44
32 46 2 2
40 45 11 3
40 44 5 2
10 3 41 46
46 7 9 42
40 13 4 47
3 45 35 7
42 45 13 3
3 39 47 10
1 42 41 12
7 46 47 5
19 3 45 47
12 47 42 2
8 46 41 5
42 43 8 5
39 4 5 43
45 35 2 7
9 45 44 1
39 12 2 46
6 1 39 45
38 42 7 3
9 2 47 45
37 3 6 46
6 44 40 8
1 38 41 6
45 7 5 45
40 45 3 6
44 11 1 41
43 42 2 6
46 40 1 10
40 7 2 43
43 6 11 46
39 45 5 6
4 4 36 42
2 3 34 44
2 37 46 2
5 38 45 2
40 45 5 1
8 46 43 2
7 34 46 3
47 43 13 6
5 12 47 43
42 39 4 7
1 11 41 44
3 41 41 5
37 10 3 47
2 39 41 4
38 45 1 7
8 11 46 43
11 41 47 7
8 4 42 47
5 6 44 45
47 46 11 5
37 43 6 2
3 1 38 44
3 10 45 43
42 1 10 47
8 6 44 46
39 10 4 46
7 45 43 5
45 2 4 47
44 7 6 44
5 42 47 13
45 47 4 17
47 44 1 10
1 6 36 41
9 44 41 4
5 37 46 4
46 42 2 3
44 44 4 13
1 13 47 38
3 3 41 41
46 38 3 8
2 45 39 8
46 40 4 7
41 43 7 5
44 44 10 1
46 47 7 3
4 14 46 46
39 3 10 46
8 2 44 45
7 46 46 5
7 46 46 3
44 2 4 32
46 8 6 43
30 2 1 46
37 46 1 9
6 2 44 42
40 45 6 7
5 3 39 39
45 4 9 44
39 7 3 44
1 4 44 37
45 6 13 46
39 5 2 45
43 5 2 34
1 12 36 47
45 37 5 4
38 45 4 5
46 19 1 44
42 7 7 47
7 4 40 43
42 4 3 42
45 44 8 2
47 39 7 6
10 47 35 1
2 2 46 46
1 4 45 42
45 7 12 44
1 4 42 40
41 41 1 6
4 42 45 8
14 43 44 1
1 7 45 34
41 5 4 39
40 4 2 38
4 2 47 46
45 46 2 8
35 45 2 6
42 2 14 46
44 45 9 8
40 47 3 8
8 10 47 46
45 12 3 43
42 35 3 1
35 43 3 3
12 42 46 5
44 42 2 7
37 47 2 3
44 9 7 45
42 42 3 9
2 44 46 17
39 1 13 45
6 3 40 40
2 46 39 8
1 11 42 44
40 46 8 2
41 2 14 46
37 44 2 6
43 2 7 41
11 44 47 3
5 44 42 7
44 3 4 46
8 46 35 1
3 3 39 39
10 2 42 46
47 8 3 37
43 1 4 45
37 46 9 3
46 9 4 45
39 41 5 3
41 3 1 41
3 42 39 6
41 43 4 6
8 46 35 3
44 43 3 2
2 35 40 2
4 42 45 12
5 1 38 38
5 40 47 11
44 36 9 1
8 9 46 46
4 14 44 44
43 9 2 45
44 39 2 6
32 46 5 3
41 44 1 13
41 2 6 40
3 43 47 4
41 47 3 9
39 2 9 42
3 36 47 9
41 43 1 9
42 44 11 1
12 2 39 47
42 4 4 38
2 46 37 10
1 5 35 42
47 6 7 45
2 8 47 39
1 5 39 39
8 47 41 2
35 8 4 47
13 10 46 47
44 38 2 7
37 47 8 3
47 11 5 47
46 16 3 46
7 44 47 4
45 15 4 47
3 1 45 40
2 37 44 2
41 40 4 7
37 4 7 44
5 37 45 7
38 39 3 2
45 14 2 44
43 3 9 47
3 42 35 3
1 11 46 39
43 44 7 4
45 1 5 47
2 37 45 4
45 9 6 43
42 1 5 43
11 46 45 6
6 13 45 46
7 2 35 44
8 6 46 39
45 44 8 6
8 43 46 7
