5000 1
1
24 0 24 1
1
0 6 1 6
1
18 1 18 2
1
0 3 1 3
1
17 31 17 30
1
24 23 23 23
1
2 31 2 30
1
7 0 7 1
1
17 18 18 18
1
24 33 23 33
1
26 48 26 47
1
48 40 47 40
1
17 47 17 46
1
48 37 47 37
1
34 32 35 32
1
31 33 30 33
1
43 0 43 1
1
37 0 37 1
1
0 7 1 7
1
0 39 1 39
1
47 40 47 39
1
46 20 45 20
1
23 48 23 47
1
15 34 14 34
1
45 20 46 20
1
10 48 10 47
1
23 0 23 1
1
25 22 26 22
1
20 1 20 2
1
1 18 2 18
1
22 0 23 0
1
1 2 2 2
1
47 23 46 23
1
33 15 33 14
1
34 33 34 34
1
46 27 45 27
1
20 2 19 2
1
25 0 24 0
1
0 30 1 30
1
2 27 3 27
1
0 18 1 18
1
2 17 3 17
1
17 34 17 35
1
48 19 47 19
1
2 1 3 1
1
18 33 18 34
1
27 2 27 3
1
0 41 1 41
1
25 24 26 24
1
2 16 3 16
1
34 16 35 16
1
31 1 30 1
1
1 6 1 5
1
47 16 46 16
1
35 16 36 16
1
18 2 18 3
1
1 3 0 3
1
24 0 25 0
1
0 9 1 9
1
47 34 47 35
1
0 2 1 2
1
1 34 2 34
1
18 18 19 18
1
48 7 47 7
1
7 48 7 47
1
46 22 45 22
1
47 18 46 18
1
48 10 47 10
1
34 15 34 16
1
1 1 2 1
1
5 0 5 1
1
9 25 9 26
1
41 48 41 47
1
5 48 5 47
1
46 0 46 1
1
18 16 19 16
1
0 40 1 40
1
3 27 3 26
1
25 27 26 27
1
1 27 2 27
1
18 15 18 16
1
20 48 20 47
1
42 48 42 47
1
8 25 8 26
1
1 17 2 17
1
31 32 30 32
1
18 16 18 15
1
32 47 32 46
1
17 33 17 34
1
30 32 31 32
1
30 1 31 1
1
0 46 1 46
1
47 27 46 27
1
0 19 0 18
1
33 14 33 15
1
24 25 23 25
1
5 47 5 46
1
0 38 0 39
1
47 17 47 16
1
32 48 32 47
1
25 18 26 18
1
48 38 48 37
1
24 1 25 1
1
4 48 4 47
1
10 0 10 1
1
47 39 46 39
1
47 35 47 34
1
39 0 39 1
1
37 1 36 1
1
16 47 16 46
1
32 15 32 14
1
47 32 46 32
1
1 28 1 27
1
31 17 30 17
1
7 25 7 26
1
0 24 1 24
1
9 0 9 1
1
7 47 8 47
1
25 48 25 47
1
19 18 18 18
1
47 15 46 15
1
3 17 4 17
1
47 34 46 34
1
15 47 14 47
1
15 48 15 47
1
0 3 1 3
1
47 22 47 23
1
25 33 26 33
1
24 31 23 31
1
25 25 25 24
1
0 47 0 46
1
46 18 47 18
1
0 39 0 40
1
18 18 19 18
1
24 32 23 32
1
26 27 26 26
1
33 2 33 3
1
46 21 45 21
1
2 17 2 16
1
25 47 25 46
1
47 31 47 30
1
2 16 2 17
1
16 48 15 48
1
31 48 32 48
1
46 39 46 38
1
1 9 1 8
1
17 30 17 29
1
47 29 46 29
1
9 24 10 24
1
17 34 17 33
1
18 31 19 31
1
2 15 2 16
1
24 20 23 20
1
46 27 47 27
1
17 29 17 30
1
45 0 46 0
1
37 48 37 47
1
25 29 26 29
1
36 48 37 48
1
10 24 9 24
1
24 29 25 29
1
25 30 26 30
1
24 18 23 18
1
35 32 35 31
1
0 17 1 17
1
23 33 23 34
1
1 47 0 47
1
47 47 46 47
1
26 22 25 22
1
15 1 14 1
1
0 37 0 38
1
18 17 18 18
1
15 32 14 32
1
48 25 47 25
1
48 3 47 3
1
1 46 2 46
1
1 33 1 34
1
31 15 30 15
1
19 31 19 32
1
0 4 0 3
1
1 8 2 8
1
24 15 24 14
1
1 0 1 1
1
33 18 34 18
1
2 2 3 2
1
47 30 47 31
1
46 15 46 14
1
16 31 16 30
1
15 17 14 17
1
15 16 14 16
1
3 16 3 17
1
0 36 1 36
1
36 1 35 1
1
17 1 18 1
1
34 17 35 17
1
47 25 48 25
1
33 3 34 3
1
47 27 46 27
1
25 17 25 18
1
48 20 48 19
1
5 46 6 46
1
9 24 10 24
1
2 18 2 19
1
15 0 15 1
1
21 1 20 1
1
19 48 19 47
1
33 33 34 33
1
17 33 17 34
1
45 22 46 22
1
37 48 36 48
1
12 0 12 1
1
1 32 1 33
1
8 47 8 46
1
47 7 47 8
1
46 1 45 1
1
17 2 17 3
1
17 48 17 47
1
48 34 47 34
1
0 31 0 30
1
0 1 0 2
1
1 27 1 28
1
23 31 23 30
1
16 2 17 2
1
22 48 23 48
1
23 48 22 48
1
48 15 47 15
1
0 3 0 4
1
18 18 18 19
1
36 48 37 48
1
3 2 2 2
1
15 18 15 17
1
24 14 23 14
1
6 0 5 0
1
48 44 47 44
1
32 16 32 15
1
1 7 1 6
1
48 21 48 20
1
3 1 4 1
1
24 30 25 30
1
29 1 30 1
1
10 47 11 47
1
0 46 1 46
1
1 33 1 32
1
47 37 47 36
1
16 15 16 14
1
0 27 1 27
1
1 32 1 33
1
33 17 34 17
1
0 35 1 35
1
47 26 47 25
1
16 18 16 19
1
4 1 3 1
1
9 1 9 0
1
34 17 33 17
1
1 1 0 1
1
46 28 45 28
1
30 1 30 2
1
46 0 46 1
1
46 16 46 17
1
7 1 7 0
1
0 23 0 24
1
25 16 26 16
1
47 3 46 3
1
19 2 19 3
1
22 1 22 2
1
48 35 47 35
1
23 18 23 19
1
39 1 39 2
1
34 1 34 2
1
16 19 17 19
1
26 29 26 28
1
25 21 26 21
1
1 24 1 23
1
45 27 45 26
1
8 48 7 48
1
30 33 31 33
1
0 0 1 0
1
36 16 37 16
1
1 31 1 32
1
2 28 2 29
1
47 16 46 16
1
47 8 46 8
1
12 1 13 1
1
47 15 47 14
1
23 23 22 23
1
25 46 25 47
1
2 47 1 47
1
19 32 19 33
1
32 34 32 35
1
0 43 1 43
1
48 46 47 46
1
48 22 47 22
1
19 16 19 17
1
6 48 6 47
1
2 2 3 2
1
48 12 47 12
1
24 22 23 22
1
2 46 2 45
1
32 31 32 30
1
24 28 24 29
1
17 17 18 17
1
15 1 15 0
1
29 48 29 47
1
31 1 30 1
1
26 16 25 16
1
16 34 16 35
1
25 30 24 30
1
18 1 17 1
1
46 3 45 3
1
2 26 2 25
1
31 16 32 16
1
3 26 3 27
1
41 47 41 46
1
33 31 32 31
1
23 1 23 2
1
25 1 25 2
1
1 20 1 19
1
46 27 47 27
1
2 45 2 44
1
0 44 1 44
1
47 44 47 43
1
32 18 33 18
1
47 0 46 0
1
48 14 48 15
1
16 14 16 13
1
0 8 1 8
1
47 28 46 28
1
48 32 47 32
1
0 30 0 31
1
10 24 11 24
1
47 19 46 19
1
48 37 48 38
1
34 16 34 15
1
48 6 48 7
1
2 17 2 18
1
1 23 0 23
1
46 34 46 35
1
18 15 18 14
1
6 47 7 47
1
46 23 45 23
1
7 24 6 24
1
46 16 45 16
1
47 18 47 17
1
15 47 16 47
1
48 47 47 47
1
17 30 17 31
1
32 31 33 31
1
48 13 47 13
1
35 1 35 2
1
16 1 16 2
1
40 48 41 48
1
34 33 34 32
1
0 31 1 31
1
0 25 1 25
1
32 46 32 45
1
1 28 2 28
1
2 33 3 33
1
22 48 22 47
1
30 17 30 16
1
31 2 31 3
1
46 26 46 25
1
47 27 47 28
1
18 17 18 18
1
2 32 2 31
1
34 18 34 19
1
37 47 36 47
1
2 28 3 28
1
1 25 1 24
1
46 47 46 46
1
2 30 3 30
1
34 15 35 15
1
36 0 36 1
1
1 22 1 23
1
27 3 27 4
1
14 47 14 46
1
26 26 26 25
1
0 10 0 9
1
17 16 17 17
1
1 26 1 25
1
47 13 48 13
1
34 31 34 30
1
19 3 19 2
1
47 28 47 29
1
25 31 24 31
1
48 4 47 4
1
29 47 30 47
1
47 35 48 35
1
45 1 44 1
1
37 16 37 17
1
16 47 15 47
1
0 28 1 28
1
7 47 8 47
1
48 33 48 34
1
30 15 29 15
1
1 32 2 32
1
0 42 1 42
1
18 19 18 20
1
48 23 48 22
1
33 32 33 33
1
27 1 27 2
1
38 48 38 47
1
36 47 37 47
1
29 0 29 1
1
2 25 3 25
1
15 47 16 47
1
8 23 7 23
1
25 18 25 17
1
32 16 31 16
1
0 38 1 38
1
48 26 47 26
1
26 1 26 2
1
26 0 26 1
1
6 24 5 24
1
23 25 23 26
1
48 8 47 8
1
0 45 0 46
1
48 31 48 32
1
3 25 2 25
1
23 14 22 14
1
13 1 12 1
1
39 48 40 48
1
0 24 0 25
1
27 48 26 48
1
23 30 23 29
1
48 18 47 18
1
27 4 26 4
1
40 48 40 47
1
5 1 4 1
1
23 22 24 22
1
47 36 47 35
1
15 31 14 31
1
37 48 38 48
1
16 35 15 35
1
37 47 36 47
1
16 32 15 32
1
0 11 0 10
1
23 32 22 32
1
13 0 13 1
1
47 4 47 5
1
17 31 18 31
1
46 48 46 47
1
46 47 45 47
1
48 17 48 18
1
8 46 7 46
1
17 32 16 32
1
33 1 33 2
1
14 31 15 31
1
33 17 34 17
1
47 17 48 17
1
48 25 48 26
1
16 32 17 32
1
17 3 17 4
1
43 48 43 47
1
33 47 33 46
1
33 48 33 47
1
1 40 2 40
1
0 5 0 6
1
46 22 45 22
1
19 1 18 1
1
1 2 1 1
1
47 21 48 21
1
0 10 1 10
1
11 24 12 24
1
48 38 48 37
1
33 33 34 33
1
16 30 16 31
1
33 47 33 48
1
0 40 1 40
1
16 46 16 45
1
8 26 8 27
1
24 19 24 20
1
1 36 0 36
1
48 26 48 25
1
30 47 30 46
1
48 13 48 14
1
1 44 0 44
1
14 0 13 0
1
18 34 18 33
1
1 8 1 7
1
32 32 32 31
1
48 25 48 26
1
3 33 4 33
1
16 47 15 47
1
29 2 29 3
1
1 42 0 42
1
5 0 5 1
1
48 48 48 47
1
1 5 2 5
1
47 23 46 23
1
35 31 35 32
1
41 48 42 48
1
37 17 36 17
1
18 3 18 4
1
12 1 12 2
1
33 46 33 45
1
48 21 47 21
1
46 0 45 0
1
41 46 40 46
1
19 18 19 19
1
0 44 0 43
1
43 47 44 47
1
17 15 17 14
1
45 3 44 3
1
31 18 32 18
1
46 8 46 7
1
48 22 48 23
1
9 0 10 0
1
25 16 26 16
1
20 47 20 48
1
16 2 16 1
1
12 24 12 23
1
3 2 2 2
1
14 46 13 46
1
14 32 14 31
1
25 24 25 25
1
1 35 0 35
1
7 23 8 23
1
46 7 47 7
1
5 24 4 24
1
22 47 22 48
1
2 5 2 4
1
2 25 2 24
1
46 25 46 26
1
9 23 10 23
1
47 5 47 6
1
31 32 32 32
1
24 48 23 48
1
26 25 27 25
1
33 16 33 17
1
19 19 18 19
1
3 30 3 31
1
46 35 46 34
1
45 47 45 46
1
47 6 47 5
1
34 0 34 1
1
30 46 29 46
1
42 48 43 48
1
48 26 48 25
1
48 16 47 16
1
31 34 31 35
1
43 48 42 48
1
45 16 46 16
1
47 26 47 27
1
48 20 48 21
1
22 23 21 23
1
10 0 9 0
1
8 27 7 27
1
17 34 17 33
1
47 21 46 21
1
15 31 15 30
1
25 17 26 17
1
46 28 46 27
1
1 23 1 22
1
34 1 35 1
1
47 20 47 19
1
43 1 43 2
1
33 34 33 35
1
48 23 47 23
1
32 2 31 2
1
9 0 10 0
1
33 15 33 16
1
43 2 42 2
1
6 46 5 46
1
40 47 41 47
1
23 34 23 35
1
2 4 3 4
1
34 19 33 19
1
23 47 23 46
1
15 32 15 31
1
10 0 9 0
1
18 31 19 31
1
0 32 0 31
1
25 23 25 24
1
47 7 46 7
1
47 19 47 20
1
2 16 2 15
1
4 47 4 46
1
34 17 34 18
1
34 2 34 1
1
1 17 0 17
1
0 9 0 8
1
32 15 32 16
1
44 47 43 47
1
25 34 26 34
1
10 23 9 23
1
2 15 2 14
1
12 2 13 2
1
17 33 17 34
1
2 44 2 45
1
47 27 47 28
1
16 13 15 13
1
46 26 46 25
1
32 45 32 46
1
34 33 35 33
1
46 21 47 21
1
15 48 16 48
1
32 16 32 15
1
1 24 0 24
1
34 1 34 0
1
11 0 11 1
1
0 43 0 44
1
9 0 9 1
1
30 0 29 0
1
14 31 13 31
1
17 17 17 16
1
40 0 40 1
1
4 33 3 33
1
15 2 14 2
1
21 0 21 1
1
9 48 9 47
1
48 36 47 36
1
1 30 0 30
1
4 24 4 25
1
32 18 32 19
1
0 35 1 35
1
14 2 14 3
1
11 48 10 48
1
47 25 47 24
1
22 14 23 14
1
46 32 46 31
1
32 19 31 19
1
31 3 30 3
1
33 18 32 18
1
32 32 31 32
1
47 22 48 22
1
17 32 17 31
1
16 16 15 16
1
33 48 33 47
1
25 29 26 29
1
48 47 48 46
1
32 15 32 16
1
29 0 30 0
1
1 0 0 0
1
0 30 1 30
1
48 41 48 40
1
3 33 3 34
1
17 35 18 35
1
35 32 36 32
1
29 1 29 0
1
46 29 45 29
1
35 0 36 0
1
1 15 2 15
1
23 29 23 30
1
18 48 17 48
1
48 17 48 16
1
1 43 1 44
1
1 30 0 30
1
35 17 35 16
1
1 46 1 45
1
45 28 44 28
1
45 48 46 48
1
47 48 48 48
1
5 46 5 45
1
25 15 24 15
1
15 35 14 35
1
35 2 36 2
1
48 2 48 3
1
11 1 12 1
1
2 32 1 32
1
4 0 5 0
1
46 17 45 17
1
17 48 18 48
1
44 1 43 1
1
36 1 37 1
1
3 4 3 3
1
29 46 28 46
1
31 2 31 1
1
46 14 46 13
1
19 47 19 48
1
46 27 46 28
1
47 12 48 12
1
1 35 0 35
1
14 34 13 34
1
15 47 16 47
1
13 2 12 2
1
48 40 47 40
1
25 22 25 23
1
27 25 28 25
1
30 16 30 17
1
3 34 3 35
1
47 36 48 36
1
46 16 45 16
1
15 30 15 29
1
48 11 48 10
1
35 48 36 48
1
48 14 48 13
1
45 17 46 17
1
13 34 13 33
1
1 39 2 39
1
3 28 4 28
1
47 28 47 27
1
48 7 47 7
1
2 34 3 34
1
48 39 48 38
1
18 19 19 19
1
1 7 0 7
1
0 46 0 45
1
47 16 46 16
1
45 22 46 22
1
4 17 4 18
1
14 48 14 47
1
46 25 45 25
1
15 33 15 32
1
48 42 48 41
1
46 19 47 19
1
47 33 48 33
1
18 47 19 47
1
24 15 25 15
1
45 16 44 16
1
24 27 23 27
1
26 28 27 28
1
25 25 26 25
1
19 19 19 18
1
5 0 6 0
1
26 24 27 24
1
48 10 48 11
1
33 0 33 1
1
32 48 33 48
1
28 48 28 47
1
42 0 42 1
1
19 18 20 18
1
17 4 17 5
1
32 16 32 15
1
1 25 2 25
1
5 45 6 45
1
28 25 28 26
1
23 30 22 30
1
1 41 0 41
1
8 24 7 24
1
23 14 22 14
1
30 17 29 17
1
0 12 0 11
1
48 41 48 40
1
47 5 47 6
1
14 3 14 2
1
36 0 35 0
1
0 23 1 23
1
45 26 45 27
1
48 30 47 30
1
24 34 25 34
1
1 47 2 47
1
45 23 44 23
1
0 13 0 12
1
9 1 8 1
1
18 18 17 18
1
47 34 47 33
1
33 2 34 2
1
34 48 35 48
1
0 44 0 43
1
47 8 48 8
1
0 25 1 25
1
7 46 8 46
1
44 28 45 28
1
45 27 45 26
1
25 26 25 25
1
17 46 16 46
1
27 2 27 1
1
30 2 31 2
1
28 1 29 1
1
3 31 3 30
1
15 15 15 14
1
34 47 34 46
1
1 3 1 4
1
45 29 45 30
1
25 47 25 48
1
1 18 1 17
1
32 17 31 17
1
24 31 25 31
1
1 6 1 5
1
0 30 1 30
1
10 1 11 1
1
1 1 1 2
1
0 36 1 36
1
0 26 1 26
1
48 11 47 11
1
15 29 15 30
1
48 24 48 23
1
33 16 34 16
1
26 2 26 3
1
46 20 46 21
1
23 27 22 27
1
41 0 41 1
1
19 33 19 34
1
36 47 37 47
1
36 2 35 2
1
8 1 9 1
1
1 27 0 27
1
7 0 7 1
1
18 20 18 19
1
47 31 48 31
1
28 46 29 46
1
35 0 36 0
1
30 48 31 48
1
31 33 31 34
1
4 46 4 47
1
47 24 46 24
1
16 17 16 16
1
14 17 13 17
1
48 21 48 20
1
37 1 36 1
1
1 17 1 18
1
0 31 0 30
1
23 35 22 35
1
1 28 0 28
1
25 23 26 23
1
45 46 45 45
1
25 20 25 21
1
26 3 26 2
1
47 35 46 35
1
1 16 1 15
1
46 46 45 46
1
22 48 22 47
1
48 48 48 47
1
42 1 42 0
1
48 40 48 41
1
47 47 46 47
1
42 0 43 0
1
4 47 4 46
1
20 1 19 1
1
13 33 13 32
1
0 1 1 1
1
47 23 47 22
1
4 1 4 0
1
26 33 27 33
1
14 16 14 17
1
47 32 47 31
1
32 1 32 2
1
0 33 0 32
1
27 28 28 28
1
34 0 35 0
1
1 36 0 36
1
48 36 47 36
1
38 0 39 0
1
47 6 46 6
1
46 21 46 20
1
14 1 15 1
1
48 47 48 48
1
17 34 16 34
1
16 46 15 46
1
32 2 32 3
1
8 0 7 0
1
24 20 24 19
1
48 8 48 7
1
45 46 44 46
1
18 33 19 33
1
19 31 19 32
1
44 48 45 48
1
48 23 47 23
1
46 28 46 29
1
0 2 0 3
1
44 3 44 2
1
25 15 26 15
1
47 21 48 21
1
47 14 46 14
1
22 27 21 27
1
1 18 1 17
1
25 2 25 3
1
3 3 2 3
1
0 35 1 35
1
25 0 25 1
1
21 27 22 27
1
48 46 48 47
1
6 0 6 1
1
34 34 34 35
1
12 2 13 2
1
25 24 25 23
1
26 34 26 35
1
13 46 13 47
1
9 1 10 1
1
7 1 7 2
1
48 29 48 30
1
42 47 42 46
1
0 0 1 0
1
9 23 9 24
1
31 2 31 3
1
20 0 20 1
1
0 34 0 33
1
2 14 1 14
1
23 0 24 0
1
21 1 21 0
1
47 2 46 2
1
20 18 20 19
1
1 22 2 22
1
17 19 17 20
1
17 31 17 30
1
0 33 0 34
1
36 32 36 33
1
14 47 14 46
1
27 0 26 0
1
18 35 17 35
1
44 0 44 1
1
19 33 18 33
1
18 4 19 4
1
33 19 32 19
1
30 3 30 2
1
9 47 9 48
1
45 48 44 48
1
2 19 3 19
1
29 46 29 47
1
18 1 18 2
1
32 3 32 2
1
1 14 2 14
1
25 28 25 27
1
15 17 15 18
1
47 1 47 2
1
2 47 3 47
1
26 48 27 48
1
1 35 1 36
1
32 15 33 15
1
32 30 33 30
1
25 34 25 35
1
1 21 1 20
1
29 47 29 48
1
41 47 41 46
1
18 14 18 15
1
48 13 48 14
1
13 0 14 0
1
6 1 6 0
1
0 41 0 40
1
1 32 2 32
1
17 35 18 35
1
25 23 25 22
1
16 16 16 15
1
8 46 9 46
1
3 19 2 19
1
16 31 16 30
1
0 21 1 21
1
43 1 42 1
1
33 30 32 30
1
2 29 2 28
1
28 2 28 1
1
0 36 0 37
1
24 29 25 29
1
1 10 1 9
1
27 1 27 0
1
31 34 30 34
1
45 30 45 31
1
47 2 48 2
1
2 24 1 24
1
26 1 27 1
1
33 35 33 36
1
31 16 32 16
1
36 48 36 47
1
23 46 24 46
1
25 35 25 36
1
19 47 19 46
1
0 20 0 19
1
36 47 35 47
1
4 0 5 0
1
1 17 2 17
1
17 5 18 5
1
17 14 17 13
1
0 18 1 18
1
0 45 0 44
1
15 46 16 46
1
22 32 23 32
1
22 14 22 15
1
0 19 0 20
1
1 45 1 46
1
2 22 1 22
1
24 17 24 18
1
14 35 14 36
1
34 46 34 47
1
44 1 44 0
1
9 26 10 26
1
22 30 22 31
1
47 11 47 12
1
6 0 6 1
1
47 18 46 18
1
2 15 3 15
1
28 26 29 26
1
23 20 23 21
1
34 18 34 17
1
26 2 26 3
1
0 32 0 31
1
48 14 47 14
1
16 45 16 44
1
0 22 0 23
1
39 2 39 3
1
2 2 3 2
1
24 21 24 20
1
31 47 31 46
1
46 7 46 8
1
0 42 0 41
1
2 17 2 16
1
1 19 0 19
1
26 16 25 16
1
31 32 30 32
1
20 19 19 19
1
0 12 1 12
1
19 19 19 18
1
7 0 8 0
1
48 25 47 25
1
9 48 9 47
1
19 2 20 2
1
16 33 17 33
1
0 16 1 16
1
48 48 47 48
1
15 16 16 16
1
33 47 33 46
1
24 20 23 20
1
21 0 21 1
1
0 44 0 45
1
16 16 15 16
1
3 2 4 2
1
48 15 48 14
1
46 18 45 18
1
25 29 25 30
1
3 27 3 26
1
15 18 15 19
1
0 28 1 28
1
38 48 39 48
1
17 20 18 20
1
1 12 0 12
1
27 33 27 32
1
0 43 1 43
1
20 1 20 0
1
25 22 25 23
1
33 15 33 14
1
26 17 27 17
1
24 22 24 21
1
48 32 47 32
1
46 47 45 47
1
8 23 8 22
1
48 14 48 13
1
1 20 1 19
1
39 0 40 0
1
9 24 9 23
1
33 14 34 14
1
19 18 19 19
1
18 0 18 1
1
35 47 36 47
1
29 48 30 48
1
26 23 26 24
1
22 31 22 32
1
11 1 11 0
1
1 18 0 18
1
30 34 30 35
1
13 31 13 30
1
7 24 7 23
1
4 25 4 24
1
26 35 27 35
1
0 15 0 16
1
13 30 12 30
1
30 32 30 33
1
40 1 39 1
1
16 30 16 31
1
1 21 1 20
1
32 16 32 15
1
25 19 26 19
1
47 33 47 34
1
28 47 28 46
1
48 0 47 0
1
24 30 23 30
1
46 13 47 13
1
34 30 35 30
1
12 48 12 47
1
0 12 1 12
1
14 17 14 18
1
46 1 47 1
1
1 4 2 4
1
30 35 30 36
1
44 16 43 16
1
7 27 8 27
1
34 2 34 1
1
45 21 44 21
1
15 14 15 15
1
32 18 33 18
1
0 41 1 41
1
47 30 46 30
1
44 21 44 22
1
46 14 46 15
1
31 17 30 17
1
48 37 48 36
1
46 34 45 34
1
0 18 1 18
1
41 46 41 45
1
13 1 14 1
1
31 19 30 19
1
34 14 33 14
1
43 47 44 47
1
35 48 34 48
1
40 0 41 0
1
22 35 23 35
1
35 2 36 2
1
31 48 31 47
1
28 28 28 27
1
45 45 44 45
1
3 17 4 17
1
33 1 33 2
1
27 17 27 18
1
22 47 22 48
1
7 48 6 48
1
2 28 2 29
1
25 36 25 35
1
43 16 44 16
1
2 14 2 13
1
15 16 15 17
1
26 47 27 47
1
1 43 2 43
1
35 15 35 14
1
18 33 19 33
1
18 2 18 3
1
25 16 25 17
1
15 17 15 18
1
40 46 39 46
1
2 19 3 19
1
33 14 34 14
1
48 35 47 35
1
47 31 47 30
1
42 48 41 48
1
18 35 18 34
1
48 13 48 14
1
36 0 37 0
1
47 1 46 1
1
0 14 1 14
1
3 48 4 48
1
46 22 45 22
1
48 14 48 15
1
9 23 8 23
1
4 24 5 24
1
47 19 46 19
1
48 3 48 4
1
0 34 0 33
1
17 16 16 16
1
0 20 0 21
1
24 46 24 45
1
1 0 0 0
1
19 17 19 16
1
48 31 47 31
1
45 47 46 47
1
34 1 34 0
1
44 22 43 22
1
0 17 0 18
1
47 12 47 11
1
48 36 48 37
1
33 17 32 17
1
0 45 1 45
1
4 28 5 28
1
19 1 19 2
1
48 37 48 36
1
5 1 4 1
1
15 31 14 31
1
1 15 2 15
1
31 46 31 45
1
6 45 5 45
1
36 47 36 46
1
48 36 48 35
1
19 46 20 46
1
27 1 26 1
1
22 2 22 1
1
46 47 47 47
1
18 32 18 31
1
20 2 21 2
1
33 46 33 47
1
35 0 36 0
1
24 0 24 1
1
19 34 20 34
1
16 31 16 32
1
18 1 18 0
1
14 0 13 0
1
47 20 47 19
1
29 3 30 3
1
1 14 1 13
1
0 29 0 28
1
34 48 35 48
1
25 48 24 48
1
48 27 48 26
1
24 18 24 17
1
23 48 23 47
1
48 33 48 32
1
4 46 4 47
1
46 2 45 2
1
48 26 48 27
1
31 31 30 31
1
22 32 21 32
1
23 32 24 32
1
48 16 48 17
1
48 9 47 9
1
11 47 10 47
1
46 15 46 14
1
47 48 48 48
1
44 48 45 48
1
32 33 31 33
1
10 47 11 47
1
48 47 48 46
1
31 33 32 33
1
33 2 33 3
1
0 3 0 2
1
45 34 44 34
1
41 45 41 46
1
1 48 1 47
1
48 28 48 29
1
47 27 46 27
1
2 4 2 5
1
0 40 0 41
1
15 18 16 18
1
5 28 6 28
1
34 35 35 35
1
48 5 48 6
1
19 0 19 1
1
46 17 45 17
1
29 15 29 16
1
2 40 2 41
1
0 19 0 20
1
8 27 9 27
1
26 15 26 16
1
25 35 26 35
1
28 27 27 27
1
1 1 1 0
1
15 0 14 0
1
6 28 6 29
1
21 1 20 1
1
1 28 2 28
1
15 19 14 19
1
42 2 41 2
1
1 9 1 10
1
18 34 18 33
1
30 33 31 33
1
3 19 2 19
1
19 1 18 1
1
39 46 38 46
1
2 45 2 46
1
46 19 45 19
1
48 43 48 44
1
9 27 8 27
1
2 8 2 9
1
31 3 31 4
1
24 45 25 45
1
47 29 47 28
1
16 32 17 32
1
46 23 46 22
1
26 4 25 4
1
17 18 17 19
1
26 1 26 2
1
2 5 3 5
1
3 15 4 15
1
2 39 3 39
1
14 18 14 17
1
25 27 26 27
1
17 13 17 14
1
32 33 32 32
1
1 31 1 32
1
26 16 25 16
1
0 11 1 11
1
48 34 48 33
1
47 30 47 29
1
35 33 35 32
1
1 2 2 2
1
14 46 14 47
1
48 2 48 3
1
36 0 35 0
1
14 0 15 0
1
2 41 2 40
1
45 18 44 18
1
45 17 45 16
1
24 16 23 16
1
25 30 25 29
1
24 48 24 47
1
4 47 4 46
1
12 23 12 24
1
34 14 34 13
1
47 7 47 8
1
19 2 20 2
1
14 17 15 17
1
44 2 44 3
1
48 33 47 33
1
16 16 16 17
1
48 41 48 42
1
32 17 32 18
1
1 0 1 1
1
10 48 10 47
1
15 0 14 0
1
47 28 46 28
1
0 28 0 29
1
19 33 19 34
1
30 48 31 48
1
1 22 2 22
1
21 32 21 33
1
27 18 27 17
1
19 19 19 18
1
36 46 35 46
1
45 19 46 19
1
13 48 12 48
1
47 23 46 23
1
20 34 20 35
1
0 21 1 21
1
45 25 45 24
1
26 29 27 29
1
20 2 19 2
1
14 31 14 30
1
47 10 48 10
1
26 0 25 0
1
46 23 47 23
1
47 36 48 36
1
32 46 31 46
1
41 1 40 1
1
26 25 27 25
1
17 33 17 34
1
36 1 37 1
1
46 27 45 27
1
37 47 36 47
1
44 18 44 19
1
27 29 27 30
1
36 33 35 33
1
35 48 34 48
1
30 3 31 3
1
0 48 1 48
1
48 29 48 28
1
1 20 2 20
1
30 31 31 31
1
48 6 48 5
1
7 2 6 2
1
26 21 27 21
1
1 5 1 6
1
43 0 42 0
1
14 36 15 36
1
48 3 48 2
1
38 46 37 46
1
31 1 31 2
1
35 35 36 35
1
3 26 3 27
1
34 17 33 17
1
27 21 27 22
1
16 44 17 44
1
12 24 11 24
1
46 35 46 34
1
26 2 27 2
1
1 34 1 35
1
45 31 45 32
1
48 28 47 28
1
36 17 35 17
1
48 12 48 13
1
45 32 45 31
1
1 1 1 2
1
25 29 26 29
1
29 17 28 17
1
45 28 45 29
1
28 1 28 2
1
16 17 16 16
1
44 0 44 1
1
46 48 46 47
1
13 17 13 18
1
46 47 46 46
1
1 25 0 25
1
3 27 4 27
1
44 34 43 34
1
3 34 2 34
1
48 18 47 18
1
4 2 4 3
1
48 17 48 18
1
9 47 9 48
1
3 30 3 31
1
3 39 3 40
1
48 30 48 31
1
15 17 14 17
1
47 13 46 13
1
24 17 24 18
1
0 37 0 38
1
13 18 14 18
1
13 32 12 32
1
27 22 28 22
1
4 18 4 19
1
31 4 30 4
1
29 1 28 1
1
1 29 1 28
1
21 48 21 47
1
4 15 4 14
1
22 1 22 2
1
14 30 14 29
1
28 46 29 46
1
48 7 47 7
1
7 23 7 24
1
16 0 15 0
1
43 34 43 33
1
46 6 46 7
1
13 2 13 3
1
15 15 15 16
1
1 26 0 26
1
11 47 11 48
1
19 2 20 2
1
47 19 47 20
1
36 47 35 47
1
1 36 2 36
1
1 10 1 9
1
48 35 48 34
1
28 2 28 3
1
3 1 3 2
1
41 0 41 1
1
47 35 48 35
1
32 15 32 16
1
1 45 0 45
1
27 17 27 16
1
31 33 30 33
1
27 32 26 32
1
47 29 47 30
1
10 1 9 1
1
18 33 18 32
1
29 46 29 45
1
8 22 9 22
1
1 2 1 1
1
44 3 43 3
1
37 0 36 0
1
33 3 33 4
1
40 1 40 0
1
36 35 36 36
1
48 32 48 33
1
41 46 40 46
1
20 46 21 46
1
11 48 11 47
1
17 32 17 31
1
2 25 3 25
1
0 41 0 42
1
18 31 19 31
1
25 16 26 16
1
6 1 7 1
1
2 28 3 28
1
48 45 47 45
1
14 17 13 17
1
25 31 26 31
1
2 29 1 29
1
33 45 33 44
1
44 16 44 15
1
23 30 24 30
1
0 42 0 41
1
45 2 45 1
1
47 22 47 21
1
45 26 45 25
1
12 47 12 46
1
20 2 20 3
1
4 46 4 47
1
17 19 16 19
1
0 2 0 3
1
35 30 36 30
1
2 18 2 17
1
48 31 48 32
1
28 22 28 21
1
2 15 1 15
1
0 45 0 46
1
34 47 34 46
1
48 46 48 45
1
15 13 15 12
1
27 25 28 25
1
0 26 1 26
1
16 15 16 14
1
3 40 3 39
1
45 25 46 25
1
19 4 19 3
1
2 2 1 2
1
29 26 29 25
1
25 17 25 18
1
36 0 37 0
1
8 0 8 1
1
11 24 11 23
1
12 46 12 45
1
21 2 20 2
1
1 41 1 42
1
1 48 0 48
1
10 47 10 46
1
15 16 14 16
1
12 30 12 29
1
17 34 17 35
1
20 2 21 2
1
23 20 22 20
1
24 1 24 2
1
48 1 48 0
1
26 16 25 16
1
5 45 6 45
1
41 1 41 0
1
1 32 1 31
1
21 33 21 34
1
24 19 25 19
1
26 31 25 31
1
46 14 46 15
1
17 30 18 30
1
18 30 18 29
1
5 24 4 24
1
39 48 40 48
1
37 1 36 1
1
45 22 45 21
1
0 48 1 48
1
23 26 22 26
1
35 33 35 34
1
0 31 0 32
1
1 6 1 7
1
40 48 39 48
1
36 36 35 36
1
1 30 2 30
1
10 46 11 46
1
33 36 32 36
1
44 19 45 19
1
36 30 35 30
1
48 44 48 43
1
45 48 46 48
1
39 3 38 3
1
0 8 1 8
1
8 1 8 0
1
41 0 41 1
1
22 27 23 27
1
34 16 34 17
1
41 2 41 3
1
46 7 45 7
1
41 3 40 3
1
17 2 16 2
1
47 45 46 45
1
14 16 14 17
1
31 45 31 44
1
21 46 20 46
1
15 30 16 30
1
31 35 30 35
1
15 36 14 36
1
7 26 8 26
1
25 18 25 17
1
31 2 31 1
1
21 34 21 35
1
1 24 1 25
1
21 23 20 23
1
48 19 47 19
1
39 48 40 48
1
47 25 47 24
1
7 1 7 2
1
32 47 32 46
1
28 1 27 1
1
45 0 44 0
1
2 22 2 23
1
33 18 34 18
1
0 38 0 39
1
0 30 1 30
1
28 17 27 17
1
29 25 29 26
1
45 31 45 32
1
25 19 25 20
1
0 47 0 48
1
10 26 10 27
1
2 19 3 19
1
32 0 32 1
1
48 36 47 36
1
16 30 16 29
1
20 3 21 3
1
32 19 32 20
1
16 14 15 14
1
25 16 24 16
1
20 48 20 47
1
47 46 47 45
1
46 29 47 29
1
30 2 30 3
1
47 32 46 32
1
7 24 6 24
1
18 5 19 5
1
3 19 3 20
1
14 47 14 46
1
16 19 15 19
1
15 12 14 12
1
26 27 26 28
1
48 45 48 44
1
4 24 5 24
1
26 24 26 23
1
46 1 46 0
1
42 1 42 2
1
45 1 45 0
1
25 3 24 3
1
45 0 45 1
1
19 48 20 48
1
27 48 26 48
1
2 16 2 15
1
47 43 47 42
1
23 35 24 35
1
25 32 25 33
1
0 25 0 26
1
19 5 19 4
1
21 2 21 1
1
19 3 20 3
1
1 16 2 16
1
34 18 34 19
1
30 17 31 17
1
16 1 16 0
1
0 3 1 3
1
47 36 48 36
1
31 31 30 31
1
24 47 25 47
1
21 1 21 2
1
0 32 1 32
1
31 3 32 3
1
2 43 2 42
1
33 47 33 46
1
1 26 1 27
1
2 15 2 14
1
47 23 47 22
1
21 3 21 4
1
48 2 48 3
1
48 15 47 15
1
0 16 1 16
1
34 3 33 3
1
30 4 29 4
1
16 18 16 17
1
16 0 16 1
1
47 33 46 33
1
19 18 20 18
1
48 43 47 43
1
1 2 0 2
1
35 1 34 1
1
48 5 48 6
1
31 1 31 2
1
1 46 1 45
1
1 42 1 41
1
2 30 2 29
1
6 24 6 23
1
4 48 3 48
1
48 20 48 19
1
41 48 42 48
1
23 27 23 28
1
21 4 22 4
1
33 17 33 16
1
0 23 0 22
1
44 46 43 46
1
26 3 26 2
1
2 27 2 26
1
48 38 48 37
1
4 47 4 46
1
22 26 23 26
1
48 18 48 17
1
14 46 14 47
1
40 0 40 1
1
43 22 44 22
1
30 1 30 2
1
33 4 32 4
1
26 35 26 34
1
32 20 32 21
1
2 29 2 30
1
18 3 19 3
1
16 48 17 48
1
32 14 32 15
1
14 29 14 30
1
48 22 48 23
1
2 34 2 35
1
1 12 0 12
1
47 24 47 23
1
23 47 23 48
1
32 16 32 17
1
47 28 48 28
1
25 21 26 21
1
24 26 24 27
1
29 26 30 26
1
1 21 0 21
1
27 47 27 46
1
3 20 4 20
1
31 0 32 0
1
19 34 20 34
1
48 6 48 5
1
33 48 33 47
1
15 0 16 0
1
23 21 23 20
1
1 30 0 30
1
23 20 24 20
1
0 4 0 5
1
20 0 19 0
1
3 28 3 29
1
26 23 26 22
1
32 17 32 16
1
47 22 48 22
1
25 4 25 5
1
1 11 2 11
1
2 35 2 34
1
27 16 26 16
1
48 28 48 29
1
46 34 45 34
1
47 0 47 1
1
1 41 2 41
1
1 16 1 17
1
24 35 24 36
1
17 44 17 45
1
47 30 48 30
1
32 30 33 30
1
20 48 19 48
1
33 44 33 45
1
0 48 0 47
1
34 0 33 0
1
32 2 33 2
1
30 35 31 35
1
28 21 28 20
1
47 29 47 30
1
0 41 1 41
1
47 23 47 24
1
27 27 27 28
1
40 3 40 4
1
1 15 2 15
1
47 43 47 44
1
48 3 48 2
1
29 45 28 45
1
48 35 47 35
1
25 20 25 19
1
0 12 0 11
1
18 48 18 47
1
6 2 6 3
1
34 32 34 31
1
31 47 30 47
1
23 16 23 15
1
31 2 31 1
1
2 30 1 30
1
30 3 31 3
1
46 24 46 23
1
34 19 34 18
1
11 46 11 45
1
31 3 31 4
1
30 26 29 26
1
1 32 0 32
1
3 29 2 29
1
33 0 33 1
1
21 35 22 35
1
47 18 47 17
1
17 48 18 48
1
10 27 9 27
1
8 47 8 48
1
48 23 48 24
1
46 22 45 22
1
2 14 1 14
1
33 2 34 2
1
44 22 44 21
1
2 23 3 23
1
13 3 13 4
1
0 39 0 40
1
1 48 0 48
1
20 18 19 18
1
8 48 8 47
1
3 0 4 0
1
29 0 29 1
1
20 35 21 35
1
46 8 45 8
1
19 0 19 1
1
8 23 7 23
1
30 2 30 1
1
30 0 31 0
1
8 47 9 47
1
48 17 48 18
1
25 33 25 32
1
35 17 35 18
1
1 1 1 0
1
40 1 40 2
1
14 0 15 0
1
1 44 0 44
1
25 45 24 45
1
1 33 1 32
1
0 21 1 21
1
47 19 47 18
1
32 0 33 0
1
2 13 2 14
1
8 0 7 0
1
19 16 19 17
1
0 33 0 34
1
11 23 11 24
1
47 18 47 19
1
46 0 47 0
1
41 1 40 1
1
24 36 25 36
1
1 13 0 13
1
19 18 18 18
1
26 48 27 48
1
1 17 0 17
1
15 32 16 32
1
37 46 37 47
1
14 12 14 11
1
9 48 8 48
1
2 41 3 41
1
18 18 18 17
1
0 24 1 24
1
2 0 3 0
1
14 11 15 11
1
45 24 45 25
1
1 35 0 35
1
24 30 25 30
1
46 15 46 14
1
31 4 30 4
1
4 27 5 27
1
46 23 45 23
1
38 3 37 3
1
43 33 44 33
1
16 32 16 31
1
20 34 20 33
1
0 0 0 1
1
16 34 16 35
1
24 24 24 25
1
16 35 16 36
1
27 24 28 24
1
17 35 17 36
1
14 2 14 3
1
0 35 1 35
1
20 23 21 23
1
2 20 2 21
1
17 1 17 2
1
24 25 23 25
1
26 18 26 17
1
32 35 33 35
1
2 29 2 30
1
2 3 3 3
1
2 40 2 41
1
44 45 44 46
1
2 14 3 14
1
45 21 46 21
1
13 47 12 47
1
14 30 14 29
1
47 11 48 11
1
27 46 27 45
1
12 29 13 29
1
3 14 3 15
1
18 48 17 48
1
27 30 27 29
1
48 48 48 47
1
7 0 7 1
1
5 24 4 24
1
26 2 26 3
1
22 20 21 20
1
31 17 31 16
1
1 14 0 14
1
8 48 8 47
1
45 19 45 20
1
16 2 15 2
1
48 27 48 26
1
12 32 12 33
1
1 27 2 27
1
5 27 5 26
1
32 46 32 45
1
35 0 35 1
1
21 23 21 24
1
39 1 39 2
1
23 25 23 24
1
38 47 38 48
1
0 6 1 6
1
30 1 30 0
1
48 13 48 12
1
47 35 48 35
1
33 47 32 47
1
24 2 25 2
1
17 2 17 3
1
24 3 24 4
1
47 44 46 44
1
27 48 28 48
1
4 24 5 24
1
46 48 46 47
1
17 47 17 46
1
9 47 10 47
1
42 2 41 2
1
0 17 0 16
1
8 27 7 27
1
2 30 3 30
1
18 32 18 33
1
13 4 12 4
1
22 2 22 1
1
30 47 31 47
1
48 35 47 35
1
0 1 1 1
1
47 45 47 44
1
23 19 23 20
1
22 1 21 1
1
10 47 9 47
1
35 46 36 46
1
34 13 34 14
1
45 1 45 2
1
31 47 30 47
1
43 3 43 2
1
3 15 3 16
1
48 26 47 26
1
47 24 47 23
1
26 19 26 20
1
5 24 5 25
1
25 32 25 33
1
26 30 27 30
1
4 20 4 21
1
1 3 1 4
1
45 29 46 29
1
7 1 7 0
1
27 28 28 28
1
46 21 45 21
1
20 46 19 46
1
46 33 46 34
1
34 48 33 48
1
24 18 24 17
1
28 24 28 23
1
27 1 28 1
1
19 46 19 45
1
47 20 48 20
1
3 30 2 30
1
25 1 26 1
1
32 15 33 15
1
11 47 10 47
1
1 31 0 31
1
14 19 14 20
1
46 31 45 31
1
3 25 3 26
1
28 1 28 2
1
26 16 26 15
1
3 23 2 23
1
3 48 4 48
1
45 25 45 26
1
45 16 44 16
1
2 32 3 32
1
34 2 34 3
1
0 16 1 16
1
43 2 42 2
1
46 14 45 14
1
44 23 43 23
1
40 1 39 1
1
4 3 4 4
1
4 4 5 4
1
2 17 3 17
1
36 1 37 1
1
0 13 1 13
1
19 3 19 2
1
45 34 45 33
1
48 42 48 41
1
27 17 28 17
1
46 28 45 28
1
35 14 35 15
1
6 23 6 22
1
1 38 1 37
1
15 19 16 19
1
20 3 19 3
1
2 27 3 27
1
1 6 0 6
1
32 1 32 2
1
17 36 17 35
1
7 23 7 24
1
46 19 45 19
1
1 7 1 6
1
47 19 47 18
1
46 32 46 33
1
24 20 25 20
1
14 47 15 47
1
1 41 0 41
1
26 1 26 0
1
18 15 18 14
1
30 33 29 33
1
27 29 28 29
1
12 4 12 5
1
21 20 22 20
1
25 2 25 3
1
34 14 35 14
1
6 45 5 45
1
19 2 20 2
1
1 29 2 29
1
12 47 13 47
1
13 17 13 16
1
44 46 44 45
1
21 35 21 34
1
48 36 48 35
1
24 45 25 45
1
25 36 24 36
1
5 26 5 27
1
45 21 46 21
1
47 1 47 2
1
46 29 45 29
1
48 44 48 43
1
1 19 0 19
1
33 46 32 46
1
17 45 16 45
1
47 2 47 1
1
18 0 19 0
1
5 45 5 46
1
0 26 1 26
1
28 29 28 30
1
9 46 10 46
1
12 33 12 34
1
5 25 5 26
1
19 48 19 47
1
48 0 48 1
1
28 0 28 1
1
1 37 1 38
1
13 16 14 16
1
31 35 32 35
1
33 30 33 29
1
0 29 1 29
1
2 46 1 46
1
22 48 22 47
1
37 1 36 1
1
19 0 18 0
1
45 22 45 21
1
2 1 3 1
1
24 36 23 36
1
14 1 13 1
1
42 2 43 2
1
1 29 0 29
1
23 48 24 48
1
19 4 19 5
1
48 11 47 11
1
0 29 0 28
1
5 4 5 3
1
23 36 23 35
1
22 4 22 3
1
35 32 35 33
1
44 15 45 15
1
25 33 25 34
1
14 36 14 35
1
14 16 15 16
1
46 34 46 35
1
0 30 0 29
1
28 17 28 18
1
12 45 12 44
1
21 1 21 0
1
24 4 24 3
1
1 0 0 0
1
0 18 0 17
1
47 7 47 6
1
28 23 28 24
1
44 33 43 33
1
32 36 32 37
1
34 31 35 31
1
40 4 39 4
1
46 25 45 25
1
22 20 21 20
1
3 47 4 47
1
19 45 19 44
1
22 15 22 16
1
7 27 7 28
1
33 31 33 32
1
47 34 46 34
1
32 3 31 3
1
16 16 17 16
1
35 34 36 34
1
28 25 29 25
1
2 41 1 41
1
33 35 33 36
1
17 48 17 47
1
1 30 0 30
1
43 23 43 22
1
14 35 15 35
1
46 45 47 45
1
45 25 46 25
1
26 29 25 29
1
21 2 22 2
1
48 30 48 31
1
46 13 46 14
1
1 38 1 39
1
25 30 26 30
1
7 0 8 0
1
2 42 3 42
1
17 3 18 3
1
25 17 25 16
1
48 41 48 40
1
23 2 23 1
1
0 14 1 14
1
3 42 4 42
1
47 47 47 48
1
35 14 34 14
1
30 31 30 30
1
46 44 46 43
1
1 39 2 39
1
33 36 33 37
1
5 3 5 4
1
24 21 24 20
1
27 0 27 1
1
32 37 32 38
1
8 0 8 1
1
16 17 16 18
1
4 42 3 42
1
28 45 28 44
1
3 16 3 15
1
19 31 18 31
1
0 27 1 27
1
33 16 33 17
1
1 46 2 46
1
28 48 27 48
1
47 31 47 32
1
1 4 2 4
1
34 18 33 18
1
47 11 47 10
1
2 34 3 34
1
25 29 25 30
1
1 26 0 26
1
32 38 32 39
1
30 36 30 35
1
32 16 32 17
1
37 3 36 3
1
33 3 33 4
1
29 4 29 5
1
46 47 45 47
1
47 10 46 10
1
45 23 44 23
1
7 24 8 24
1
16 45 16 44
1
12 48 13 48
1
33 32 34 32
1
32 45 31 45
1
13 47 14 47
1
6 48 7 48
1
1 21 0 21
1
1 25 2 25
1
26 21 25 21
1
32 18 32 19
1
45 8 45 9
1
19 3 20 3
1
26 22 26 23
1
45 7 46 7
1
16 36 15 36
1
45 27 46 27
1
18 0 19 0
1
48 35 48 36
1
48 36 47 36
1
18 47 18 46
1
16 29 17 29
1
46 7 46 6
1
21 34 22 34
1
26 34 26 35
1
23 20 22 20
1
13 48 13 47
1
2 4 1 4
1
45 33 44 33
1
1 9 1 10
1
33 18 32 18
1
18 17 18 16
1
23 15 22 15
1
27 2 27 3
1
0 32 0 33
1
32 19 32 20
1
48 22 47 22
1
17 46 17 45
1
27 48 27 47
1
32 21 31 21
1
14 17 14 16
1
19 32 19 33
1
0 2 1 2
1
35 36 36 36
1
15 16 15 17
1
46 38 46 39
1
23 26 23 27
1
3 17 2 17
1
36 2 35 2
1
4 1 4 2
1
34 46 35 46
1
35 1 35 0
1
0 29 1 29
1
5 46 5 47
1
15 47 15 48
1
38 48 38 47
1
3 15 3 14
1
19 5 19 6
1
29 16 28 16
1
45 26 46 26
1
48 5 48 6
1
22 20 22 19
1
35 15 34 15
1
31 48 30 48
1
48 2 47 2
1
26 30 26 29
1
5 47 5 48
1
29 33 30 33
1
18 16 19 16
1
0 44 0 43
1
45 28 46 28
1
44 33 44 34
1
37 0 38 0
1
48 33 47 33
1
24 17 24 18
1
46 39 46 38
1
15 35 15 34
1
47 22 48 22
1
43 46 43 45
1
18 19 19 19
1
0 28 0 27
1
48 34 47 34
1
33 17 33 18
1
44 1 44 2
1
47 17 46 17
1
19 44 20 44
1
25 23 25 24
1
44 0 44 1
1
39 4 39 5
1
22 19 22 18
1
45 20 44 20
1
2 26 1 26
1
6 3 6 2
1
46 34 45 34
1
30 19 30 20
1
22 35 21 35
1
21 35 20 35
1
1 6 1 5
1
1 2 0 2
1
23 24 23 23
1
2 30 3 30
1
44 2 44 3
1
34 32 34 33
1
25 19 26 19
1
1 5 2 5
1
23 23 22 23
1
35 31 36 31
1
30 4 31 4
1
2 31 2 32
1
44 1 43 1
1
40 48 41 48
1
3 39 3 38
1
47 35 48 35
1
48 31 47 31
1
34 17 35 17
1
30 48 31 48
1
15 2 15 3
1
32 39 31 39
1
41 48 41 47
1
24 27 25 27
1
26 0 26 1
1
45 47 46 47
1
17 35 16 35
1
24 3 24 2
1
15 1 14 1
1
1 10 1 11
1
16 18 16 17
1
28 28 27 28
1
47 44 46 44
1
41 2 41 1
1
18 3 19 3
1
30 20 31 20
1
1 13 2 13
1
2 29 2 28
1
34 3 34 2
1
26 1 26 2
1
0 19 1 19
1
31 20 31 19
1
35 2 36 2
1
0 0 0 1
1
17 45 18 45
1
9 47 9 46
1
14 47 14 48
1
4 17 4 16
1
2 13 2 12
1
2 11 2 10
1
0 34 1 34
1
18 14 18 15
1
31 1 30 1
1
5 27 5 28
1
24 16 24 17
1
46 43 47 43
1
31 39 31 40
1
35 30 35 29
1
48 18 48 17
1
24 32 24 33
1
3 42 2 42
1
25 45 25 46
1
26 32 26 33
1
16 17 16 16
1
32 35 32 36
1
0 27 0 28
1
26 35 26 36
1
9 1 9 0
1
29 26 28 26
1
5 48 6 48
1
35 46 34 46
1
0 41 0 42
1
9 46 9 47
1
24 2 24 3
1
12 34 11 34
1
38 47 38 48
1
46 30 45 30
1
27 1 26 1
1
2 23 3 23
1
0 20 1 20
1
0 11 0 12
1
1 41 2 41
1
47 8 48 8
1
25 46 25 45
1
45 29 45 28
1
33 48 33 47
1
43 45 43 44
1
46 26 45 26
1
44 3 45 3
1
19 1 19 2
1
31 3 31 2
1
30 33 29 33
1
4 2 5 2
1
3 34 4 34
1
10 47 10 48
1
45 14 45 13
1
9 47 10 47
1
7 28 6 28
1
27 45 27 46
1
0 33 0 34
1
36 1 37 1
1
48 6 48 5
1
8 26 7 26
1
46 33 46 32
1
22 16 22 17
1
2 12 2 13
1
0 17 0 18
1
28 16 28 17
1
29 33 30 33
1
3 1 2 1
1
32 18 32 19
1
47 14 48 14
1
19 33 19 34
1
16 47 15 47
1
47 21 47 20
1
1 8 2 8
1
2 1 2 2
1
6 2 6 3
1
47 34 46 34
1
2 28 2 27
1
25 25 25 26
1
1 28 2 28
1
28 1 28 0
1
0 34 0 35
1
0 26 0 25
1
46 47 45 47
1
48 24 48 23
1
28 26 29 26
1
22 18 23 18
1
12 1 12 2
1
1 11 1 10
1
26 3 26 4
1
26 4 27 4
1
17 47 18 47
1
32 32 32 33
1
48 12 48 13
1
2 8 3 8
1
46 16 46 15
1
0 1 0 0
1
14 1 14 0
1
45 3 45 4
1
46 35 46 36
1
1 23 0 23
1
34 14 35 14
1
8 1 7 1
1
2 46 2 45
1
2 32 2 31
1
25 20 25 19
1
39 1 40 1
1
25 21 24 21
1
42 46 43 46
1
4 48 5 48
1
18 31 19 31
1
25 31 24 31
1
24 18 24 19
1
20 44 19 44
1
2 31 1 31
1
19 34 19 33
1
42 0 43 0
1
18 15 19 15
1
0 18 0 19
1
19 16 20 16
1
0 2 0 3
1
24 48 24 47
1
0 5 0 4
1
1 47 1 48
1
13 0 12 0
1
26 19 26 18
1
48 32 48 31
1
24 21 24 22
1
24 22 24 23
1
26 17 27 17
1
2 13 3 13
1
46 34 47 34
1
48 37 48 38
1
27 4 27 5
1
32 19 32 18
1
20 33 21 33
1
36 31 35 31
1
3 3 4 3
1
35 16 35 15
1
31 19 31 18
1
19 6 19 5
1
0 25 1 25
1
41 1 42 1
1
36 46 35 46
1
23 1 23 2
1
26 15 26 16
1
0 30 0 29
1
0 35 0 36
1
45 26 44 26
1
2 15 3 15
1
14 0 14 1
1
3 0 3 1
1
48 38 47 38
1
4 46 4 45
1
7 26 7 25
1
0 3 0 2
1
48 21 47 21
1
25 16 25 17
1
14 18 14 17
1
6 22 6 23
1
15 3 16 3
1
13 47 14 47
1
45 28 45 27
1
25 0 24 0
1
8 24 7 24
1
17 29 17 30
1
1 18 2 18
1
9 22 9 23
1
12 5 13 5
1
33 1 32 1
1
48 40 48 41
1
0 29 0 30
1
3 38 4 38
1
33 29 33 30
1
12 2 11 2
1
29 1 29 0
1
47 45 48 45
1
0 40 0 41
1
13 5 12 5
1
33 45 33 44
1
18 33 18 32
1
32 33 32 34
1
26 20 26 19
1
32 4 32 5
1
25 19 25 18
1
45 15 45 14
1
25 18 25 19
1
32 17 31 17
1
20 47 20 48
1
0 28 1 28
1
1 24 2 24
1
36 34 36 33
1
23 27 23 26
1
21 0 21 1
1
2 45 3 45
1
45 9 46 9
1
12 0 12 1
1
10 47 9 47
1
1 4 2 4
1
46 27 46 26
1
46 15 45 15
1
22 23 22 24
1
31 16 30 16
1
26 1 27 1
1
47 20 47 19
1
1 26 2 26
1
48 47 47 47
1
46 14 47 14
1
47 15 46 15
1
44 21 43 21
1
46 25 47 25
1
48 10 47 10
1
3 26 4 26
1
7 24 7 23
1
19 15 18 15
1
28 30 28 31
1
25 45 26 45
1
35 0 35 1
1
35 1 36 1
1
9 23 8 23
1
12 44 11 44
1
3 2 3 3
1
24 17 24 18
1
9 47 9 48
1
45 34 45 35
1
2 41 1 41
1
48 8 47 8
1
28 24 28 25
1
2 21 2 22
1
0 30 1 30
1
19 5 19 6
1
2 17 1 17
1
28 20 28 19
1
13 29 12 29
1
1 31 2 31
1
42 1 41 1
1
26 18 25 18
1
41 1 42 1
1
22 24 22 23
1
13 1 13 2
1
9 48 8 48
1
4 16 5 16
1
31 44 31 43
1
2 48 2 47
1
48 22 48 21
1
46 36 45 36
1
32 20 32 19
1
48 23 48 24
1
32 18 32 17
1
2 26 1 26
1
33 15 33 14
1
2 39 2 40
1
20 3 20 4
1
3 1 3 0
1
48 20 47 20
1
2 47 2 46
1
21 1 21 0
1
28 17 29 17
1
2 27 2 26
1
48 31 48 30
1
24 18 24 17
1
17 0 18 0
1
36 1 36 0
1
48 17 48 16
1
47 19 46 19
1
3 23 3 24
1
2 24 1 24
1
0 23 0 24
1
1 35 0 35
1
23 2 24 2
1
20 35 19 35
1
44 34 44 33
1
0 2 0 3
1
0 36 0 37
1
26 29 27 29
1
22 2 22 1
1
19 17 20 17
1
27 17 26 17
1
47 23 47 22
1
0 37 1 37
1
47 9 48 9
1
32 1 31 1
1
25 26 26 26
1
19 35 19 34
1
45 31 44 31
1
11 34 11 33
1
17 31 17 32
1
3 30 2 30
1
3 31 3 30
1
6 3 7 3
1
27 5 27 6
1
29 17 29 16
1
29 0 29 1
1
7 48 7 47
1
19 6 19 5
1
2 28 2 27
1
14 3 15 3
1
23 35 23 34
1
23 34 24 34
1
14 20 14 21
1
1 20 2 20
1
24 3 24 4
1
19 44 19 45
1
0 3 0 2
1
0 4 0 5
1
18 47 17 47
1
19 2 18 2
1
45 35 45 34
1
20 17 19 17
1
20 1 21 1
1
30 35 29 35
1
33 44 33 45
1
46 20 45 20
1
25 19 25 20
1
17 30 17 29
1
23 28 22 28
1
3 32 3 33
1
7 1 6 1
1
28 18 29 18
1
8 23 8 24
1
6 28 6 27
1
2 10 2 11
1
22 17 21 17
1
30 33 31 33
1
1 37 2 37
1
3 15 3 16
1
26 45 25 45
1
11 0 10 0
1
15 14 16 14
1
1 24 2 24
1
22 28 21 28
1
45 47 45 48
1
16 3 16 2
1
18 15 18 16
1
40 1 39 1
1
17 47 17 46
1
31 1 32 1
1
45 34 44 34
1
21 1 21 2
1
48 43 48 42
1
21 47 21 46
1
0 0 1 0
1
12 29 13 29
1
2 36 1 36
1
31 21 32 21
1
1 10 0 10
1
26 23 26 22
1
34 15 33 15
1
28 25 28 24
1
29 26 28 26
1
0 5 1 5
1
25 17 25 16
1
48 16 47 16
1
28 19 29 19
1
2 9 3 9
1
18 32 18 33
1
20 48 21 48
1
22 1 22 0
1
4 14 4 13
1
44 31 45 31
1
22 15 22 14
1
32 36 32 37
1
27 6 27 7
1
40 46 39 46
1
28 26 28 25
1
3 13 3 12
1
32 17 32 16
1
11 45 12 45
1
39 2 39 3
1
0 6 1 6
1
35 15 34 15
1
24 2 24 3
1
15 17 15 18
1
35 18 35 19
1
47 47 46 47
1
47 2 46 2
1
6 23 6 22
1
6 29 6 30
1
14 21 14 22
1
18 29 18 28
1
19 0 19 1
1
48 13 48 12
1
31 0 31 1
1
30 16 31 16
1
18 28 17 28
1
1 45 1 46
1
19 45 20 45
1
18 2 17 2
1
34 33 34 34
1
3 5 4 5
1
36 3 36 4
1
46 26 46 25
1
3 12 4 12
1
24 47 24 48
1
28 25 28 26
1
35 46 36 46
1
25 27 25 28
1
47 42 47 41
1
45 2 45 3
1
7 2 7 1
1
30 47 30 46
1
47 32 48 32
1
0 12 0 11
1
24 0 25 0
1
17 28 18 28
1
4 0 4 1
1
29 25 29 26
1
33 15 32 15
1
34 1 33 1
1
19 1 19 2
1
7 25 8 25
1
39 5 38 5
1
44 23 44 22
1
15 36 14 36
1
2 16 2 15
1
14 36 15 36
1
5 2 6 2
1
4 26 4 27
1
10 0 11 0
1
24 23 23 23
1
25 16 25 17
1
43 44 42 44
1
44 16 44 15
1
24 48 24 47
1
22 47 22 48
1
42 1 42 2
1
14 48 13 48
1
18 33 18 32
1
1 17 2 17
1
2 42 1 42
1
29 16 30 16
1
4 45 4 46
1
25 45 26 45
1
4 47 4 48
1
46 21 46 20
1
13 48 12 48
1
1 6 0 6
1
39 3 39 4
1
45 15 45 16
1
18 28 18 27
1
1 41 2 41
1
33 1 33 2
1
36 4 35 4
1
34 46 35 46
1
16 19 16 20
1
4 21 5 21
1
1 5 0 5
1
7 3 7 4
1
19 31 20 31
1
47 31 48 31
1
24 34 23 34
1
22 0 23 0
1
24 47 24 48
1
23 34 24 34
1
14 1 14 0
1
47 18 47 19
1
47 36 47 35
1
35 17 34 17
1
28 2 27 2
1
47 8 48 8
1
4 1 4 2
1
30 0 29 0
1
47 33 46 33
1
25 30 25 29
1
18 27 18 28
1
26 26 26 27
1
19 2 19 1
1
7 23 6 23
1
16 16 16 15
1
15 3 15 4
1
43 1 44 1
1
32 19 32 20
1
6 2 6 3
1
2 18 3 18
1
2 17 3 17
1
16 2 15 2
1
43 2 43 3
1
7 4 7 5
1
36 0 36 1
1
23 0 23 1
1
48 4 48 3
1
21 46 20 46
1
29 26 29 27
1
33 30 33 31
1
10 46 9 46
1
47 40 46 40
1
1 16 1 15
1
34 34 33 34
1
14 22 14 23
1
3 33 2 33
1
26 45 26 46
1
1 25 1 24
1
32 21 31 21
1
2 26 3 26
1
14 47 14 46
1
15 47 14 47
1
12 5 12 6
1
0 24 0 23
1
44 34 44 35
1
12 6 12 5
1
11 44 11 43
1
3 14 2 14
1
39 1 39 2
1
4 5 5 5
1
31 18 30 18
1
39 2 38 2
1
45 30 44 30
1
48 8 48 7
1
27 46 27 45
1
21 28 21 29
1
46 17 46 16
1
41 47 41 48
1
26 19 27 19
1
33 14 34 14
1
27 19 27 18
1
48 1 48 0
1
46 28 46 27
1
47 10 48 10
1
31 40 31 41
1
14 17 15 17
1
33 31 33 30
1
5 4 4 4
1
7 5 7 6
1
19 17 19 18
1
21 29 21 28
1
15 18 15 19
1
17 46 17 45
1
25 47 25 48
1
1 34 0 34
1
24 34 24 35
1
44 47 45 47
1
8 24 7 24
1
24 4 23 4
1
47 41 47 40
1
11 33 12 33
1
1 29 2 29
1
48 21 48 20
1
1 19 1 18
1
5 0 4 0
1
46 2 46 3
1
34 14 33 14
1
22 34 23 34
1
7 24 6 24
1
4 48 3 48
1
14 23 15 23
1
22 23 22 24
1
22 48 22 47
1
45 13 44 13
1
17 32 17 31
1
48 12 48 13
1
29 0 30 0
1
0 22 1 22
1
35 14 35 15
1
21 48 20 48
1
3 16 2 16
1
43 33 43 32
1
38 48 39 48
1
45 4 45 5
1
0 2 0 1
1
7 47 6 47
1
25 24 25 25
1
46 32 47 32
1
31 45 31 44
1
30 30 29 30
1
28 24 28 25
1
45 3 45 2
1
47 21 46 21
1
32 31 32 32
1
1 18 1 19
1
1 40 1 41
1
34 2 34 1
1
48 31 47 31
1
25 25 25 24
1
12 45 12 46
1
21 0 22 0
1
27 29 28 29
1
3 35 3 34
1
25 18 24 18
1
15 0 15 1
1
30 1 30 2
1
33 37 34 37
1
1 15 0 15
1
2 29 1 29
1
15 17 16 17
1
27 28 27 29
1
44 1 43 1
1
34 37 34 38
1
18 45 18 44
1
26 46 26 45
1
33 18 33 19
1
1 30 1 31
1
7 6 7 5
1
36 33 37 33
1
15 11 14 11
1
8 25 9 25
1
32 2 32 3
1
28 44 28 43
1
32 47 31 47
1
2 14 3 14
1
2 37 3 37
1
3 30 4 30
1
16 44 16 43
1
25 3 25 4
1
15 23 14 23
1
36 1 35 1
1
0 5 0 4
1
19 19 20 19
1
17 29 17 30
1
3 0 3 1
1
16 1 17 1
1
20 19 20 18
1
4 38 4 39
1
43 46 42 46
1
25 24 24 24
1
3 24 4 24
1
1 22 1 21
1
19 18 19 19
1
47 6 47 5
1
20 4 20 5
1
24 35 25 35
1
25 28 25 27
1
11 24 11 25
1
47 48 47 47
1
41 48 40 48
1
1 14 0 14
1
2 4 2 3
1
47 35 46 35
1
47 25 47 24
1
0 19 0 18
1
47 26 47 25
1
45 27 45 28
1
44 13 43 13
1
48 35 48 36
1
0 7 0 8
1
45 16 45 17
1
45 19 44 19
1
35 29 34 29
1
9 27 8 27
1
27 29 26 29
1
47 30 46 30
1
33 45 33 46
1
35 46 35 45
1
8 48 7 48
1
1 28 0 28
1
2 41 2 42
1
25 4 25 3
1
2 11 2 12
1
24 19 25 19
1
18 20 19 20
1
27 7 26 7
1
35 1 35 0
1
1 32 0 32
1
6 3 6 4
1
37 1 36 1
1
31 46 31 45
1
7 1 7 0
1
11 25 11 24
1
1 26 0 26
1
9 0 9 1
1
31 16 31 15
1
28 29 27 29
1
40 48 40 47
1
1 24 0 24
1
0 32 1 32
1
16 15 17 15
1
31 43 31 42
1
0 21 0 20
1
24 33 24 34
1
28 31 28 32
1
0 1 0 2
1
35 4 35 3
1
0 43 1 43
1
44 26 44 27
1
19 19 18 19
1
10 48 11 48
1
45 31 46 31
1
48 3 47 3
1
1 43 2 43
1
14 46 14 45
1
36 2 37 2
1
12 5 11 5
1
15 48 15 47
1
31 4 31 3
1
26 29 26 30
1
48 36 48 37
1
43 22 42 22
1
35 47 35 46
1
25 29 25 28
1
11 2 11 3
1
33 14 32 14
1
14 23 13 23
1
17 31 18 31
1
46 40 46 41
1
48 13 48 12
1
6 27 6 28
1
27 35 27 36
1
9 25 10 25
1
32 14 33 14
1
6 30 7 30
1
38 0 38 1
1
31 47 30 47
1
36 1 36 0
1
17 45 17 44
1
20 45 19 45
1
37 2 37 1
1
31 41 30 41
1
6 47 6 46
1
47 16 48 16
1
16 43 16 42
1
11 43 11 44
1
34 38 33 38
1
43 32 43 33
1
0 18 0 17
1
48 16 47 16
1
19 47 19 48
1
14 29 14 30
1
17 16 17 17
1
0 47 1 47
1
45 14 45 15
1
11 44 12 44
1
16 20 16 21
1
1 31 1 30
1
7 0 7 1
1
0 2 1 2
1
22 0 22 1
1
2 25 1 25
1
24 18 25 18
1
46 27 45 27
1
25 27 25 26
1
27 29 28 29
1
44 45 43 45
1
46 15 46 14
1
47 34 47 35
1
48 29 48 28
1
46 16 46 15
1
6 1 5 1
1
12 1 12 2
1
25 0 26 0
1
16 42 16 43
1
1 1 2 1
1
15 47 15 48
1
45 21 44 21
1
46 31 46 32
1
46 10 46 11
1
33 30 33 29
1
18 44 18 45
1
48 5 48 4
1
19 1 19 2
1
48 32 48 31
1
26 45 26 46
1
43 21 43 20
1
48 30 47 30
1
28 25 27 25
1
20 18 19 18
1
12 33 13 33
1
46 35 45 35
1
45 5 46 5
1
46 41 45 41
1
2 46 2 47
1
1 2 1 1
1
31 15 30 15
1
14 0 14 1
1
36 46 36 45
1
16 46 16 45
1
18 32 17 32
1
15 48 15 47
1
48 19 48 18
1
15 34 15 35
1
48 10 48 11
1
18 0 17 0
1
1 29 2 29
1
22 47 23 47
1
7 30 7 29
1
47 1 47 2
1
6 22 6 21
1
14 30 14 31
1
27 2 28 2
1
13 33 14 33
1
15 35 15 34
1
24 17 24 16
1
2 15 3 15
1
24 16 24 17
1
0 17 1 17
1
1 41 2 41
1
0 48 0 47
1
2 31 2 32
1
47 24 47 23
1
29 30 28 30
1
3 17 4 17
1
2 22 2 21
1
44 22 44 23
1
20 5 21 5
1
42 22 42 23
1
2 42 3 42
1
34 17 35 17
1
24 48 24 47
1
48 4 48 5
1
36 45 36 44
1
43 1 44 1
1
19 45 19 44
1
46 6 46 7
1
30 18 30 17
1
46 21 47 21
1
24 3 24 4
1
4 24 4 23
1
12 44 12 43
1
0 42 0 43
1
30 2 30 3
1
48 28 48 27
1
31 21 32 21
1
40 47 41 47
1
15 36 14 36
1
19 20 19 19
1
26 33 25 33
1
36 44 35 44
1
16 0 16 1
1
33 0 34 0
1
45 32 45 31
1
16 14 16 13
1
31 1 30 1
1
12 46 12 47
1
48 45 48 44
1
35 17 35 16
1
34 0 33 0
1
35 19 35 20
1
17 44 16 44
1
26 17 27 17
1
44 35 43 35
1
46 20 46 21
1
34 15 34 14
1
30 1 31 1
1
19 3 18 3
1
5 16 6 16
1
11 0 12 0
1
46 25 46 26
1
45 48 46 48
1
18 16 19 16
1
20 46 21 46
1
20 2 20 3
1
2 12 2 11
1
43 13 44 13
1
29 27 29 26
1
48 11 47 11
1
2 3 2 4
1
0 14 0 13
1
21 24 21 25
1
1 1 1 2
1
23 1 24 1
1
32 46 32 45
1
25 48 26 48
1
6 23 7 23
1
0 46 0 45
1
33 38 33 37
1
6 24 7 24
1
47 5 47 4
1
24 24 25 24
1
27 36 27 37
1
26 36 26 37
1
1 42 1 41
1
48 18 48 17
1
25 5 24 5
1
2 1 1 1
1
46 14 45 14
1
21 5 21 4
1
1 48 2 48
1
30 47 30 48
1
46 38 45 38
1
32 20 31 20
1
1 25 0 25
1
0 24 1 24
1
26 48 26 47
1
32 34 32 33
1
27 47 27 48
1
46 33 47 33
1
10 25 11 25
1
15 19 15 18
1
2 16 2 17
1
16 44 15 44
1
28 43 27 43
1
27 17 27 16
1
3 15 4 15
1
29 18 29 17
1
1 19 0 19
1
30 3 30 4
1
31 2 30 2
1
46 11 45 11
1
48 41 48 40
1
42 48 42 47
1
34 1 33 1
1
45 17 45 18
1
16 45 16 46
1
2 4 2 3
1
0 10 1 10
1
2 33 2 34
1
33 29 33 28
1
9 46 10 46
1
27 16 27 17
1
27 18 26 18
1
23 34 22 34
1
19 2 18 2
1
44 1 43 1
1
18 19 17 19
1
25 20 25 21
1
44 19 43 19
1
15 2 16 2
1
2 5 2 6
1
18 3 17 3
1
16 1 16 0
1
47 38 47 39
1
18 1 18 0
1
24 34 24 35
1
14 16 15 16
1
48 42 48 41
1
0 13 1 13
1
47 47 47 46
1
3 14 4 14
1
35 20 34 20
1
15 4 15 3
1
15 16 15 17
1
15 3 16 3
1
35 16 35 17
1
25 34 24 34
1
33 19 33 20
1
0 4 0 5
1
38 5 37 5
1
34 14 35 14
1
45 47 45 46
1
42 23 43 23
1
27 25 26 25
1
16 35 16 34
1
32 3 33 3
1
26 28 27 28
1
3 34 3 33
1
43 33 43 34
1
4 30 4 29
1
27 17 27 18
1
26 16 26 17
1
5 26 5 27
1
29 1 28 1
1
46 30 46 31
1
46 44 46 45
1
2 3 2 4
1
27 3 26 3
1
43 45 44 45
1
16 13 16 12
1
16 17 16 18
1
24 1 24 2
1
33 4 34 4
1
25 19 26 19
1
0 26 0 27
1
6 48 6 47
1
5 1 5 0
1
1 32 1 33
1
2 27 2 26
1
15 34 14 34
1
0 35 0 36
1
14 34 15 34
1
35 46 35 47
1
3 45 2 45
1
47 46 48 46
1
28 2 29 2
1
34 29 34 28
1
2 45 3 45
1
18 46 17 46
1
47 4 47 5
1
14 33 14 34
1
39 48 38 48
1
0 27 0 26
1
27 37 28 37
1
46 48 45 48
1
0 26 0 27
1
18 2 18 1
1
35 33 34 33
1
0 36 0 35
1
21 20 20 20
1
46 31 46 30
1
45 28 46 28
1
32 32 31 32
1
45 31 44 31
1
2 43 2 44
1
31 32 32 32
1
7 5 6 5
1
0 43 1 43
1
47 14 47 13
1
12 2 12 1
1
46 3 46 2
1
11 5 11 4
1
46 9 46 8
1
0 27 0 26
1
12 0 13 0
1
28 37 29 37
1
10 46 10 45
1
3 27 2 27
1
16 43 16 42
1
23 4 23 3
1
23 23 23 24
1
24 5 24 6
1
3 8 2 8
1
44 21 43 21
1
3 42 4 42
1
3 18 3 19
1
33 3 33 4
1
6 28 7 28
1
33 1 34 1
1
0 47 0 48
1
47 43 47 42
1
35 17 35 16
1
28 0 27 0
1
13 29 14 29
1
4 12 3 12
1
24 4 23 4
1
4 39 5 39
1
1 13 0 13
1
12 48 13 48
1
45 35 45 34
1
23 3 23 2
1
17 17 18 17
1
3 3 2 3
1
31 48 32 48
1
35 15 36 15
1
2 34 3 34
1
17 1 16 1
1
2 32 2 31
1
28 30 29 30
1
7 23 8 23
1
6 16 5 16
1
46 28 46 29
1
0 48 1 48
1
0 11 0 12
1
29 37 29 36
1
47 23 48 23
1
1 1 0 1
1
48 17 47 17
1
24 34 24 33
1
45 34 45 35
1
0 23 0 24
1
28 29 28 30
1
27 30 27 31
1
46 46 47 46
1
26 17 26 16
1
40 2 39 2
1
29 5 29 4
1
7 29 8 29
1
25 33 26 33
1
30 0 31 0
1
39 2 39 3
1
16 2 15 2
1
47 11 47 10
1
19 48 18 48
1
32 15 33 15
1
2 30 3 30
1
47 13 47 12
1
16 18 16 19
1
44 30 45 30
1
0 25 1 25
1
11 4 10 4
1
19 19 19 20
1
33 15 33 16
1
5 27 6 27
1
31 42 32 42
1
21 4 21 5
1
35 16 35 17
1
30 17 30 18
1
33 20 33 19
1
7 48 6 48
1
4 13 4 12
1
47 22 48 22
1
1 30 1 31
1
1 25 2 25
1
33 14 34 14
1
48 41 48 42
1
2 44 3 44
1
22 14 21 14
1
30 18 30 19
1
0 12 0 11
1
45 2 44 2
1
12 43 12 42
1
21 25 20 25
1
46 21 46 22
1
43 1 42 1
1
0 13 0 14
1
30 46 31 46
1
29 35 28 35
1
21 14 22 14
1
42 44 42 45
1
17 2 17 1
1
1 48 0 48
1
36 0 36 1
1
36 15 35 15
1
26 46 26 45
1
38 48 38 47
1
39 4 40 4
1
1 2 1 3
1
22 1 23 1
1
32 16 32 15
1
27 18 28 18
1
35 45 35 46
1
29 36 30 36
1
5 5 5 4
1
34 33 34 32
1
33 4 32 4
1
48 24 47 24
1
47 40 47 41
1
48 9 47 9
1
37 33 38 33
1
30 15 31 15
1
6 4 6 3
1
17 14 16 14
1
2 40 2 39
1
26 27 25 27
1
25 3 25 4
1
45 15 45 16
1
26 25 26 24
1
46 7 47 7
1
26 30 27 30
1
48 23 48 24
1
16 31 17 31
1
30 4 30 3
1
11 25 11 26
1
31 1 30 1
1
5 21 5 22
1
33 0 32 0
1
45 20 45 21
1
1 36 2 36
1
24 35 23 35
1
19 20 19 21
1
3 34 3 35
1
0 14 0 13
1
45 14 45 13
1
2 48 1 48
1
5 16 5 17
1
1 43 1 42
1
13 2 14 2
1
1 21 1 22
1
47 35 47 34
1
4 17 4 16
1
4 15 3 15
1
43 23 43 22
1
19 21 19 20
1
1 31 1 30
1
24 2 25 2
1
44 20 44 21
1
46 22 46 21
1
26 2 26 1
1
2 29 2 30
1
24 47 24 48
1
29 4 29 5
1
32 48 32 47
1
26 18 27 18
1
44 15 45 15
1
43 21 42 21
1
3 19 2 19
1
19 16 18 16
1
0 45 0 46
1
2 17 3 17
1
3 9 3 10
1
2 19 3 19
1
35 46 34 46
1
44 2 45 2
1
3 10 3 11
1
43 20 44 20
1
34 28 34 27
1
47 0 46 0
1
14 11 13 11
1
48 5 48 6
1
45 11 45 12
1
39 46 38 46
1
35 31 34 31
1
47 33 48 33
1
26 19 25 19
1
41 47 41 48
1
17 1 17 2
1
48 0 48 1
1
25 21 24 21
1
33 47 34 47
1
32 37 32 38
1
28 30 28 31
1
16 3 16 2
1
3 1 3 2
1
32 42 31 42
1
2 30 2 29
1
47 31 46 31
1
2 3 3 3
1
28 1 29 1
1
11 24 12 24
1
48 22 48 21
1
45 35 46 35
1
22 34 23 34
1
14 29 14 28
1
42 2 43 2
1
32 5 31 5
1
43 19 43 20
1
47 7 46 7
1
45 36 46 36
1
3 41 3 42
1
38 33 38 32
1
18 1 19 1
1
28 26 27 26
1
35 3 35 2
1
7 1 7 0
1
46 21 46 22
1
35 14 35 13
1
33 46 33 45
1
9 1 8 1
1
46 8 47 8
1
11 48 12 48
1
46 35 47 35
1
3 12 2 12
1
33 34 34 34
1
37 47 37 48
1
30 3 30 4
1
34 32 34 33
1
12 42 12 41
1
4 46 4 45
1
5 39 6 39
1
45 46 44 46
1
38 32 38 31
1
16 19 15 19
1
46 26 46 27
1
17 30 18 30
1
3 37 3 38
1
26 45 25 45
1
6 3 6 2
1
45 21 45 22
1
2 21 1 21
1
36 36 36 37
1
26 7 26 8
1
15 1 15 0
1
11 26 11 27
1
17 2 18 2
1
32 4 33 4
1
14 34 14 33
1
1 33 1 32
1
21 17 21 18
1
35 13 35 12
1
2 29 3 29
1
1 10 1 9
1
46 7 46 8
1
2 8 3 8
1
31 0 31 1
1
2 4 2 3
1
6 39 6 38
1
6 38 6 39
1
25 26 25 25
1
7 0 7 1
1
5 48 5 47
1
29 1 28 1
1
4 29 5 29
1
26 37 26 36
1
18 2 18 1
1
48 37 48 36
1
27 26 27 27
1
34 4 34 5
1
21 5 21 6
1
2 36 2 35
1
20 3 20 4
1
8 27 9 27
1
48 36 48 35
1
6 39 6 40
1
44 20 45 20
1
3 19 2 19
1
16 2 16 3
1
15 2 15 1
1
16 34 16 33
1
37 48 38 48
1
14 2 13 2
1
16 12 16 11
1
8 23 9 23
1
3 8 4 8
1
1 30 0 30
1
47 8 47 7
1
23 26 23 25
1
30 36 30 37
1
38 2 38 3
1
45 30 45 29
1
25 45 25 46
1
1 3 1 2
1
34 27 34 28
1
4 4 3 4
1
35 12 35 13
1
17 3 17 4
1
32 45 32 46
1
48 1 48 0
1
46 19 46 20
1
48 27 47 27
1
46 8 46 9
1
2 2 2 1
1
18 17 19 17
1
46 31 45 31
1
48 24 48 25
1
0 30 1 30
1
48 42 48 41
1
44 46 43 46
1
31 1 31 2
1
31 15 31 16
1
0 8 1 8
1
5 0 5 1
1
48 40 47 40
1
18 16 19 16
1
40 4 40 5
1
1 46 2 46
1
31 33 31 34
1
44 27 44 26
1
12 48 11 48
1
44 31 43 31
1
10 4 11 4
1
31 42 31 43
1
1 8 0 8
1
18 31 18 32
1
1 27 1 26
1
0 48 0 47
1
24 31 24 32
1
45 2 44 2
1
44 33 44 32
1
34 34 33 34
1
4 8 4 9
1
2 25 3 25
1
0 19 0 18
1
12 1 11 1
1
16 1 16 2
1
43 3 42 3
1
31 3 32 3
1
29 2 29 3
1
14 1 14 2
1
30 2 30 3
1
46 47 46 46
1
45 18 44 18
1
26 1 26 2
1
29 3 29 4
1
25 19 26 19
1
27 48 28 48
1
1 0 1 1
1
47 25 47 26
1
29 30 28 30
1
0 1 0 0
1
31 16 32 16
1
27 43 28 43
1
18 30 18 29
1
33 34 33 35
1
1 47 1 46
1
46 27 46 26
1
16 0 16 1
1
17 19 16 19
1
29 26 30 26
1
44 18 43 18
1
15 47 15 46
1
26 47 26 48
1
32 15 33 15
1
46 20 46 19
1
43 0 42 0
1
17 32 17 33
1
48 31 47 31
1
0 5 0 4
1
48 7 48 8
1
22 24 21 24
1
28 30 28 29
1
5 28 5 27
1
6 2 6 1
1
2 31 1 31
1
1 21 2 21
1
33 37 33 36
1
17 4 18 4
1
27 1 27 2
1
12 24 13 24
1
42 1 43 1
1
47 19 48 19
1
3 48 4 48
1
48 25 48 26
1
47 30 47 29
1
47 21 47 22
1
45 16 44 16
1
46 9 46 8
1
31 20 31 19
1
44 26 45 26
1
2 27 1 27
1
2 35 2 36
1
46 45 45 45
1
0 28 0 27
1
48 0 47 0
1
35 15 35 16
1
37 1 37 2
1
3 26 4 26
1
44 16 43 16
1
4 12 5 12
1
19 20 18 20
1
0 6 1 6
1
16 33 16 34
1
6 27 6 28
1
48 35 48 34
1
32 1 32 2
1
27 27 26 27
1
0 34 1 34
1
47 42 46 42
1
3 44 4 44
1
37 2 36 2
1
3 25 2 25
1
0 20 0 21
1
18 45 18 44
1
33 19 34 19
1
1 2 1 3
1
20 31 21 31
1
48 8 48 9
1
45 27 46 27
1
28 43 28 44
1
16 11 15 11
1
4 16 3 16
1
42 47 43 47
1
35 44 35 43
1
6 21 6 20
1
47 29 47 30
1
48 26 48 25
1
28 35 29 35
1
26 48 25 48
1
0 41 0 42
1
33 15 33 14
1
32 38 33 38
1
0 13 1 13
1
4 34 3 34
1
24 20 23 20
1
32 2 32 1
1
48 12 48 13
1
19 1 20 1
1
35 43 34 43
1
32 32 32 31
1
0 0 0 1
1
3 15 3 14
1
11 4 10 4
1
16 3 16 4
1
46 32 46 33
1
18 48 18 47
1
0 1 0 0
1
13 48 13 47
1
4 26 4 25
1
48 25 48 24
1
28 48 28 47
1
46 0 45 0
1
16 2 15 2
1
33 36 33 37
1
0 15 0 14
1
47 20 47 21
1
44 13 44 12
1
29 4 28 4
1
45 22 45 21
1
29 17 29 16
1
2 36 2 35
1
47 2 47 1
1
20 16 21 16
1
3 16 3 15
1
19 33 19 32
1
25 28 24 28
1
32 33 31 33
1
27 18 26 18
1
16 34 16 33
1
27 45 26 45
1
33 45 34 45
1
44 2 44 3
1
25 18 24 18
1
18 28 17 28
1
0 21 0 22
1
21 33 22 33
1
30 16 31 16
1
47 1 46 1
1
35 17 36 17
1
47 26 48 26
1
2 6 3 6
1
22 14 22 13
1
46 19 47 19
1
1 24 1 23
1
8 1 8 0
1
48 6 47 6
1
14 45 13 45
1
15 11 15 12
1
2 39 2 40
1
6 47 7 47
1
26 2 26 1
1
47 35 48 35
1
21 6 22 6
1
23 20 23 21
1
46 33 45 33
1
20 1 20 0
1
0 31 0 30
1
47 0 47 1
1
44 21 43 21
1
17 31 17 32
1
44 32 45 32
1
11 1 12 1
1
16 19 16 20
1
30 48 29 48
1
33 14 33 15
1
20 25 20 26
1
44 45 44 44
1
17 32 17 31
1
45 41 44 41
1
46 29 46 28
1
16 20 17 20
1
21 24 22 24
1
45 45 45 46
1
48 33 47 33
1
31 43 32 43
1
47 41 46 41
1
15 2 16 2
1
26 3 25 3
1
7 24 8 24
1
4 0 3 0
1
16 33 16 34
1
31 16 30 16
1
1 17 2 17
1
2 17 1 17
1
47 39 46 39
1
32 46 32 45
1
18 0 19 0
1
47 3 46 3
1
46 46 46 45
1
5 47 5 46
1
35 47 35 46
1
26 16 25 16
1
17 46 18 46
1
48 41 48 42
1
3 14 2 14
1
28 3 29 3
1
1 13 2 13
1
2 40 3 40
1
46 42 45 42
1
33 28 33 29
1
29 3 29 2
1
38 31 37 31
1
48 34 48 33
1
11 3 10 3
1
43 34 42 34
1
34 19 33 19
1
28 47 27 47
1
35 0 36 0
1
5 12 4 12
1
20 0 21 0
1
1 3 0 3
1
2 11 2 10
1
43 1 43 0
1
2 46 2 45
1
2 26 2 27
1
17 15 17 14
1
13 0 14 0
1
8 29 9 29
1
19 44 20 44
1
47 30 47 29
1
2 14 2 15
1
21 46 21 45
1
0 35 1 35
1
4 48 4 47
1
22 13 22 14
1
38 48 37 48
1
48 20 47 20
1
47 1 47 0
1
2 27 2 28
1
43 20 44 20
1
2 1 3 1
1
9 29 9 28
1
19 5 20 5
1
28 1 28 2
1
1 48 0 48
1
5 4 5 3
1
15 34 15 33
1
0 18 0 19
1
28 4 28 3
1
46 2 47 2
1
0 22 0 23
1
47 31 47 30
1
8 47 8 48
1
14 31 15 31
1
31 34 30 34
1
13 24 13 25
1
28 44 28 43
1
15 33 16 33
1
30 4 31 4
1
47 30 47 31
1
1 41 1 40
1
15 19 16 19
1
47 17 46 17
1
32 3 32 4
1
45 46 45 47
1
1 6 2 6
1
14 36 15 36
1
18 29 18 30
1
45 47 44 47
1
26 24 27 24
1
34 47 34 48
1
43 46 44 46
1
17 28 18 28
1
45 31 45 30
1
44 12 43 12
1
21 0 21 1
1
1 35 1 36
1
43 47 43 46
1
47 33 46 33
1
47 6 48 6
1
46 17 46 18
1
0 8 1 8
1
23 2 22 2
1
47 34 47 33
1
22 33 21 33
1
2 6 2 5
1
27 0 28 0
1
44 20 44 19
1
45 20 46 20
1
17 31 16 31
1
25 24 26 24
1
33 35 33 34
1
43 46 43 45
1
5 22 4 22
1
45 0 44 0
1
3 6 3 7
1
23 25 24 25
1
3 29 3 28
1
3 4 3 5
1
2 20 1 20
1
0 4 0 5
1
22 14 23 14
1
31 44 32 44
1
43 45 44 45
1
1 22 2 22
1
47 24 47 25
1
33 37 34 37
1
0 5 0 6
1
16 14 16 15
1
1 17 2 17
1
27 2 26 2
1
25 2 24 2
1
36 2 36 3
1
3 45 3 44
1
2 41 2 40
1
21 18 21 17
1
3 40 3 41
1
20 20 21 20
1
6 28 5 28
1
5 17 5 18
1
23 47 22 47
1
34 5 34 4
1
47 10 46 10
1
2 40 2 41
1
33 29 32 29
1
12 47 12 48
1
2 10 1 10
1
16 15 15 15
1
26 27 27 27
1
47 20 48 20
1
0 27 0 28
1
3 15 3 16
1
4 14 4 13
1
2 15 3 15
1
23 21 23 20
1
42 0 42 1
1
32 29 31 29
1
1 31 0 31
1
44 23 44 24
1
0 30 0 29
1
47 5 48 5
1
5 3 5 4
1
43 12 44 12
1
25 16 24 16
1
25 46 26 46
1
32 44 31 44
1
6 1 6 0
1
45 29 46 29
1
44 47 43 47
1
48 33 48 32
1
42 45 41 45
1
26 33 26 32
1
31 29 31 28
1
0 24 0 25
1
20 26 20 27
1
19 34 19 35
1
15 46 15 47
1
34 1 33 1
1
37 5 38 5
1
16 2 16 3
1
31 45 30 45
1
26 45 27 45
1
0 3 1 3
1
2 22 3 22
1
25 4 25 5
1
21 33 22 33
1
16 33 15 33
1
48 13 48 12
1
46 18 47 18
1
24 32 24 31
1
33 15 34 15
1
23 14 23 13
1
4 47 4 48
1
2 5 1 5
1
0 23 0 24
1
43 0 42 0
1
21 28 21 27
1
30 41 30 40
1
18 47 18 48
1
18 1 17 1
1
7 28 7 27
1
34 46 34 47
1
24 17 23 17
1
1 46 2 46
1
25 5 24 5
1
23 35 24 35
1
7 47 8 47
1
3 5 3 4
1
30 16 30 15
1
31 2 32 2
1
11 48 11 47
1
32 47 33 47
1
36 0 37 0
1
46 28 45 28
1
0 46 1 46
1
3 22 3 23
1
11 47 12 47
1
4 12 4 11
1
2 28 1 28
1
13 25 13 24
1
43 22 42 22
1
25 27 25 28
1
45 33 44 33
1
12 47 11 47
1
26 2 26 3
1
15 33 15 34
1
3 34 4 34
1
4 25 5 25
1
23 13 22 13
1
3 28 3 27
1
34 20 33 20
1
38 46 38 45
1
47 9 46 9
1
24 6 24 7
1
23 34 24 34
1
32 2 31 2
1
46 30 46 31
1
43 16 42 16
1
12 1 13 1
1
15 47 15 46
1
29 5 29 6
1
42 0 43 0
1
24 25 24 26
1
0 28 0 27
1
48 12 48 11
1
20 44 19 44
1
6 5 6 6
1
38 5 38 4
1
30 40 31 40
1
45 21 45 22
1
0 24 0 23
1
33 20 34 20
1
45 22 45 23
1
34 14 33 14
1
31 28 30 28
1
26 0 27 0
1
34 15 34 16
1
1 20 2 20
1
2 12 2 11
1
47 12 46 12
1
18 32 18 31
1
1 34 1 35
1
1 23 1 24
1
23 18 22 18
1
17 1 17 2
1
47 18 47 17
1
3 38 2 38
1
48 42 48 41
1
43 31 43 32
1
45 48 44 48
1
14 0 13 0
1
18 44 17 44
1
21 45 22 45
1
28 29 29 29
1
8 0 8 1
1
28 32 27 32
1
11 47 10 47
1
38 1 37 1
1
7 27 6 27
1
2 13 1 13
1
2 35 2 36
1
34 33 34 32
1
15 34 14 34
1
2 36 2 37
1
25 25 25 24
1
4 48 3 48
1
2 47 1 47
1
25 35 25 36
1
7 1 7 0
1
48 20 47 20
1
46 8 46 7
1
21 1 21 0
1
2 41 2 40
1
13 1 14 1
1
36 37 35 37
1
1 32 1 31
1
44 3 44 2
1
2 45 1 45
1
5 1 6 1
1
37 31 37 30
1
38 47 39 47
1
0 47 0 46
1
44 45 43 45
1
32 0 33 0
1
47 0 47 1
1
2 37 1 37
1
45 32 44 32
1
1 28 1 29
1
16 4 15 4
1
44 44 44 45
1
22 18 23 18
1
19 16 19 15
1
30 34 30 33
1
30 33 30 34
1
2 17 2 16
1
45 15 45 14
1
46 22 45 22
1
24 7 25 7
1
0 11 0 12
1
44 19 44 20
1
5 27 5 26
1
30 3 30 2
1
48 35 47 35
1
14 34 15 34
1
4 9 4 8
1
0 19 1 19
1
11 27 10 27
1
4 23 5 23
1
26 18 27 18
1
45 13 44 13
1
10 4 11 4
1
0 42 0 43
1
28 3 28 4
1
9 28 9 29
1
48 24 47 24
1
46 15 45 15
1
4 2 4 1
1
48 44 48 43
1
47 35 47 34
1
8 47 7 47
1
16 31 17 31
1
47 46 46 46
1
28 4 28 5
1
47 20 48 20
1
33 2 33 3
1
3 30 2 30
1
2 20 1 20
1
5 23 5 24
1
20 5 20 6
1
24 2 24 3
1
44 32 45 32
1
34 31 34 30
1
34 47 35 47
1
26 32 25 32
1
47 1 48 1
1
24 35 24 36
1
47 24 47 23
1
47 32 46 32
1
24 34 25 34
1
45 32 45 33
1
9 23 8 23
1
47 17 47 18
1
4 34 4 35
1
30 37 29 37
1
30 45 30 44
1
47 25 46 25
1
16 46 16 47
1
1 1 0 1
1
48 6 48 7
1
22 45 22 46
1
1 37 2 37
1
3 23 2 23
1
39 47 40 47
1
15 0 16 0
1
34 43 35 43
1
28 5 27 5
1
23 20 23 21
1
43 2 43 1
1
31 19 31 18
1
6 20 6 19
1
10 3 10 2
1
2 38 2 39
1
10 47 11 47
1
13 2 13 1
1
17 44 17 43
1
22 33 21 33
1
45 38 45 39
1
28 43 29 43
1
34 16 34 15
1
1 8 2 8
1
42 34 41 34
1
8 24 9 24
1
41 45 41 44
1
7 0 8 0
1
14 47 14 46
1
44 41 44 40
1
26 36 27 36
1
4 11 5 11
1
5 26 4 26
1
47 22 46 22
1
24 21 25 21
1
15 18 15 19
1
2 8 2 7
1
29 29 28 29
1
4 19 4 18
1
31 18 31 19
1
33 34 33 35
1
3 15 4 15
1
47 18 48 18
1
32 4 32 3
1
35 13 35 14
1
18 46 18 47
1
6 48 5 48
1
11 4 11 5
1
13 0 14 0
1
21 20 22 20
1
3 42 2 42
1
3 11 3 10
1
47 7 47 8
1
7 47 6 47
1
27 27 26 27
1
41 48 40 48
1
18 28 19 28
1
45 39 45 40
1
14 33 14 32
1
14 46 13 46
1
25 17 26 17
1
22 3 22 4
1
3 35 3 36
1
40 48 39 48
1
32 3 31 3
1
46 41 47 41
1
9 29 8 29
1
13 46 14 46
1
17 14 17 15
1
33 35 33 36
1
31 44 31 45
1
5 48 6 48
1
37 0 38 0
1
34 4 34 3
1
32 31 32 32
1
1 42 0 42
1
4 18 4 19
1
22 4 21 4
1
39 3 39 4
1
24 36 23 36
1
48 5 48 4
1
3 16 3 15
1
3 1 2 1
1
33 4 34 4
1
10 2 11 2
1
16 3 17 3
1
17 43 17 44
1
12 48 11 48
1
32 43 32 42
1
5 25 6 25
1
35 46 35 45
1
16 1 17 1
1
31 17 32 17
1
1 3 0 3
1
23 18 23 19
1
2 30 2 31
1
13 23 12 23
1
33 16 34 16
1
26 24 26 23
1
27 30 26 30
1
2 23 3 23
1
6 25 6 24
1
18 4 18 5
1
46 33 46 34
1
20 4 20 5
1
36 17 36 18
1
3 17 2 17
1
11 5 10 5
1
34 16 33 16
1
1 47 2 47
1
46 31 45 31
1
32 45 32 44
1
25 34 24 34
1
1 24 0 24
1
19 35 19 36
1
36 3 36 4
1
2 19 2 20
1
30 1 30 0
1
33 14 33 15
1
45 15 44 15
1
31 46 32 46
1
24 48 24 47
1
3 10 4 10
1
45 33 45 34
1
1 46 1 47
1
35 2 34 2
1
31 4 30 4
1
14 28 14 29
1
41 34 41 35
1
19 44 19 45
1
5 28 4 28
1
10 45 10 46
1
16 42 16 43
1
24 5 23 5
1
0 48 1 48
1
34 48 35 48
1
4 45 4 46
1
34 2 35 2
1
25 36 24 36
1
29 2 29 1
1
42 3 43 3
1
23 36 22 36
1
35 43 35 44
1
18 5 18 4
1
15 36 15 37
1
41 35 40 35
1
9 27 9 28
1
44 33 45 33
1
42 1 42 2
1
39 48 38 48
1
32 42 31 42
1
48 26 48 25
1
19 28 19 29
1
6 47 7 47
1
5 24 4 24
1
5 18 5 19
1
4 10 5 10
1
15 15 15 14
1
15 14 16 14
1
33 36 32 36
1
29 37 30 37
1
26 8 26 9
1
28 31 28 32
1
30 37 30 36
1
22 6 22 7
1
3 7 3 6
1
36 4 35 4
1
0 3 1 3
1
48 20 47 20
1
46 9 47 9
1
26 1 26 2
1
0 25 1 25
1
44 24 44 23
1
28 2 28 1
1
6 6 6 5
1
1 29 1 28
1
29 48 28 48
1
45 14 44 14
1
6 0 7 0
1
34 45 34 44
1
10 5 10 4
1
44 15 45 15
1
28 29 27 29
1
2 24 3 24
1
30 2 30 1
1
46 1 47 1
1
21 27 22 27
1
47 1 47 0
1
23 5 23 6
1
35 48 36 48
1
6 5 6 6
1
43 3 44 3
1
4 27 5 27
1
16 47 16 48
1
23 21 24 21
1
26 27 27 27
1
6 19 6 18
1
34 3 35 3
1
17 1 18 1
1
21 16 20 16
1
3 44 3 45
1
44 45 44 44
1
17 15 16 15
1
0 31 0 32
1
17 31 17 32
1
33 38 34 38
1
48 46 48 45
1
4 8 5 8
1
20 5 21 5
1
16 19 17 19
1
19 32 19 33
1
31 19 31 20
1
32 46 32 45
1
48 45 48 44
1
15 12 14 12
1
4 13 4 12
1
40 35 39 35
1
18 47 19 47
1
15 17 16 17
1
26 23 27 23
1
1 48 0 48
1
44 3 44 4
1
23 6 22 6
1
48 32 48 31
1
8 1 7 1
1
12 23 13 23
1
28 32 28 31
1
30 28 30 27
1
15 44 15 43
1
28 1 27 1
1
6 48 5 48
1
42 22 43 22
1
0 42 0 41
1
14 46 13 46
1
29 6 30 6
1
38 3 38 2
1
27 45 28 45
1
43 32 43 31
1
20 6 20 7
1
47 41 47 42
1
20 48 19 48
1
27 24 26 24
1
44 20 43 20
1
48 21 48 22
1
14 2 15 2
1
0 29 1 29
1
18 31 17 31
1
25 32 25 31
1
35 14 35 15
1
23 4 24 4
1
3 2 3 1
1
16 43 17 43
1
5 19 6 19
1
0 41 1 41
1
22 27 23 27
1
37 48 37 47
1
15 37 14 37
1
1 26 2 26
1
5 27 4 27
1
14 1 14 2
1
3 23 4 23
1
33 0 34 0
1
16 34 16 35
1
35 4 35 5
1
27 5 27 4
1
1 19 2 19
1
28 31 28 32
1
0 26 1 26
1
25 7 25 8
1
35 16 34 16
1
17 19 18 19
1
47 29 47 28
1
25 3 25 2
1
48 11 48 10
1
17 0 17 1
1
30 6 30 7
1
26 9 27 9
1
4 3 4 4
1
1 13 1 14
1
2 17 1 17
1
5 11 5 12
1
6 6 6 7
1
0 48 0 47
1
16 35 15 35
1
31 40 30 40
1
35 44 35 43
1
46 3 46 2
1
18 4 19 4
1
34 20 34 19
1
47 31 47 30
1
30 27 31 27
1
21 31 22 31
1
28 48 28 47
1
30 36 30 35
1
48 14 47 14
1
10 27 9 27
1
47 40 47 41
1
44 46 44 45
1
27 29 28 29
1
0 46 1 46
1
35 47 36 47
1
30 15 29 15
1
4 26 4 25
1
27 36 26 36
1
17 33 18 33
1
29 19 29 18
1
45 33 44 33
1
31 45 30 45
1
19 29 19 28
1
30 0 29 0
1
2 37 2 38
1
46 32 46 31
1
24 33 25 33
1
27 32 26 32
1
30 35 31 35
1
18 1 18 2
1
0 0 1 0
1
1 3 1 4
1
15 19 16 19
1
25 2 25 1
1
2 7 2 8
1
14 29 15 29
1
5 29 5 30
1
41 44 40 44
1
18 48 18 47
1
18 33 18 32
1
29 15 29 14
1
35 37 35 36
1
29 16 30 16
1
10 46 9 46
1
47 23 47 22
1
27 28 27 29
1
14 32 14 31
1
47 0 46 0
1
19 4 18 4
1
23 17 22 17
1
1 26 0 26
1
4 23 5 23
1
16 21 15 21
1
19 15 19 16
1
35 15 35 16
1
4 24 5 24
1
47 21 48 21
1
16 15 15 15
1
24 4 23 4
1
34 19 34 20
1
34 37 34 36
1
30 1 30 0
1
45 23 45 24
1
44 23 44 22
1
9 28 8 28
1
15 29 16 29
1
44 13 45 13
1
4 44 5 44
1
1 27 1 26
1
46 20 45 20
1
2 31 2 32
1
46 12 46 13
1
31 35 31 36
1
46 22 46 21
1
47 2 47 1
1
5 30 4 30
1
4 30 3 30
1
34 32 35 32
1
24 26 24 25
1
44 44 45 44
1
13 23 13 22
1
32 36 32 37
1
3 41 4 41
1
0 47 0 48
1
4 28 4 29
1
2 40 2 41
1
8 29 8 30
1
3 6 3 7
1
4 27 4 26
1
4 35 5 35
1
48 22 48 23
1
32 44 33 44
1
43 21 44 21
1
11 47 11 46
1
1 41 1 42
1
47 19 46 19
1
48 21 48 22
1
42 2 42 3
1
2 38 3 38
1
13 47 12 47
1
47 42 47 43
1
13 22 14 22
1
15 46 15 47
1
6 1 5 1
1
32 17 31 17
1
5 23 4 23
1
5 35 5 34
1
22 20 22 21
1
2 3 1 3
1
20 27 20 28
1
12 47 12 46
1
29 35 29 34
1
47 33 46 33
1
16 0 16 1
1
31 42 30 42
1
1 47 0 47
1
6 7 7 7
1
23 19 23 20
1
4 1 4 0
1
33 19 34 19
1
34 36 34 37
1
5 10 6 10
1
26 22 26 23
1
27 9 28 9
1
5 12 5 11
1
40 44 40 43
1
15 35 16 35
1
30 4 30 3
1
39 4 40 4
1
24 31 23 31
1
26 30 27 30
1
35 36 35 35
1
1 20 1 19
1
16 48 16 47
1
28 0 28 1
1
46 13 46 12
1
1 4 0 4
1
30 0 31 0
1
8 23 9 23
1
36 48 35 48
1
16 1 16 2
1
2 47 1 47
1
33 15 33 14
1
43 35 43 36
1
11 48 12 48
1
48 43 48 42
1
9 24 8 24
1
0 1 1 1
1
5 8 5 9
1
28 45 28 46
1
22 7 21 7
1
2 1 2 2
1
17 1 17 0
1
13 1 14 1
1
22 21 22 22
1
46 19 46 20
1
5 9 5 8
1
27 0 26 0
1
33 47 33 48
1
44 12 44 13
1
46 5 47 5
1
16 2 16 3
1
16 47 16 48
1
10 4 9 4
1
48 1 48 0
1
30 16 30 15
1
2 25 3 25
1
4 22 4 21
1
46 29 46 28
1
15 21 16 21
1
46 46 47 46
1
27 18 27 17
1
22 17 22 18
1
45 13 46 13
1
1 35 0 35
1
27 29 27 28
1
24 21 24 20
1
18 30 18 31
1
14 1 13 1
1
47 34 47 33
1
48 19 48 20
1
47 16 48 16
1
25 48 26 48
1
48 7 47 7
1
11 46 10 46
1
26 24 26 25
1
46 12 46 11
1
48 16 48 15
1
36 18 35 18
1
48 15 47 15
1
16 3 16 2
1
26 36 27 36
1
22 47 21 47
1
46 33 46 32
1
3 1 4 1
1
27 31 27 32
1
28 9 27 9
1
1 31 1 32
1
26 17 25 17
1
16 21 15 21
1
30 26 31 26
1
35 48 36 48
1
45 28 44 28
1
2 41 3 41
1
17 0 17 1
1
28 1 28 2
1
1 19 1 18
1
12 48 13 48
1
2 32 2 33
1
31 2 30 2
1
14 22 13 22
1
28 2 29 2
1
45 15 45 16
1
22 24 22 25
1
0 12 0 11
1
22 18 22 17
1
22 22 22 23
1
25 17 24 17
1
7 7 7 8
1
4 46 3 46
1
47 22 47 23
1
18 4 18 3
1
25 21 25 20
1
19 33 18 33
1
4 12 4 13
1
23 4 23 3
1
1 5 0 5
1
7 0 6 0
1
46 32 47 32
1
34 38 35 38
1
3 33 4 33
1
5 46 5 47
1
2 16 2 15
1
5 11 5 10
1
31 17 32 17
1
1 42 1 41
1
44 4 44 3
1
43 1 42 1
1
10 46 10 47
1
8 30 7 30
1
48 9 48 8
1
26 25 25 25
1
44 2 45 2
1
48 22 48 21
1
46 39 46 38
1
47 23 47 24
1
45 34 44 34
1
38 4 38 3
1
19 0 19 1
1
13 45 12 45
1
0 27 1 27
1
32 17 31 17
1
20 28 20 27
1
27 32 27 33
1
1 30 0 30
1
44 33 45 33
1
26 46 25 46
1
32 16 32 17
1
46 11 46 12
1
22 17 22 16
1
24 16 24 15
1
19 16 18 16
1
32 21 31 21
1
13 1 13 0
1
47 28 48 28
1
25 25 26 25
1
31 21 30 21
1
31 5 31 6
1
24 47 23 47
1
46 25 45 25
1
26 48 25 48
1
48 21 47 21
1
13 22 14 22
1
1 17 1 16
1
44 21 45 21
1
22 16 22 15
1
48 8 48 7
1
33 16 33 17
1
1 14 1 15
1
44 28 45 28
1
18 2 19 2
1
23 20 22 20
1
31 20 32 20
1
48 41 48 40
1
39 35 39 36
1
1 29 1 30
1
46 45 46 44
1
47 30 46 30
1
1 47 2 47
1
18 31 19 31
1
43 0 43 1
1
36 47 35 47
1
27 9 27 8
1
48 28 48 29
1
44 14 45 14
1
5 24 4 24
1
13 24 14 24
1
13 48 14 48
1
9 4 10 4
1
12 46 12 47
1
43 47 42 47
1
3 36 4 36
1
31 17 30 17
1
21 4 21 3
1
0 26 0 27
1
21 47 22 47
1
8 28 8 27
1
31 3 32 3
1
30 21 30 22
1
46 38 46 37
1
34 15 33 15
1
20 27 20 28
1
30 7 31 7
1
38 48 38 47
1
24 3 25 3
1
34 37 34 36
1
4 21 4 22
1
22 46 21 46
1
19 45 19 44
1
26 2 27 2
1
3 0 3 1
1
33 3 33 2
1
18 19 18 18
1
23 31 23 30
1
38 45 38 46
1
23 1 23 0
1
45 20 45 19
1
44 45 44 44
1
32 32 32 33
1
1 10 0 10
1
13 46 13 45
1
4 42 4 43
1
46 28 46 29
1
43 36 44 36
1
1 16 2 16
1
25 8 25 7
1
35 35 35 34
1
21 33 20 33
1
44 22 44 21
1
13 11 14 11
1
38 47 39 47
1
33 15 33 16
1
45 25 46 25
1
40 5 40 6
1
36 48 37 48
1
25 46 26 46
1
27 2 28 2
1
6 18 6 17
1
38 46 37 46
1
22 20 23 20
1
48 7 48 8
1
22 6 22 5
1
43 45 43 44
1
17 1 17 0
1
5 4 6 4
1
33 2 34 2
1
26 46 26 47
1
7 30 6 30
1
46 2 46 1
1
1 9 2 9
1
30 2 30 1
1
45 28 45 27
1
46 13 47 13
1
27 28 26 28
1
1 46 0 46
1
42 16 41 16
1
3 30 3 31
1
35 43 34 43
1
19 18 19 19
1
22 5 22 6
1
18 16 19 16
1
2 20 3 20
1
8 27 8 26
1
23 24 24 24
1
35 38 35 37
1
22 31 21 31
1
45 19 45 20
1
45 16 45 17
1
34 20 33 20
1
30 22 29 22
1
15 47 15 46
1
7 8 7 9
1
46 21 46 22
1
0 30 0 29
1
28 47 29 47
1
14 31 14 32
1
3 24 3 23
1
6 30 7 30
1
45 42 45 43
1
1 30 1 29
1
12 47 12 48
1
8 24 9 24
1
24 36 23 36
1
41 16 41 17
1
45 14 46 14
1
19 16 18 16
1
4 33 4 32
1
6 10 7 10
1
4 15 4 14
1
25 7 25 6
1
4 43 5 43
1
44 44 44 43
1
28 29 28 30
1
16 29 16 28
1
22 6 22 5
1
0 4 0 3
1
1 40 1 39
1
34 2 33 2
1
44 48 45 48
1
32 33 32 32
1
3 4 3 5
1
1 36 1 35
1
1 27 2 27
1
26 47 26 48
1
40 4 40 3
1
45 17 44 17
1
5 43 4 43
1
29 14 30 14
1
37 47 38 47
1
44 0 45 0
1
3 38 4 38
1
30 14 29 14
1
11 2 12 2
1
40 3 40 2
1
43 44 43 43
1
7 10 6 10
1
6 19 6 20
1
19 47 19 46
1
2 27 2 28
1
14 37 14 38
1
1 41 1 42
1
0 32 0 31
1
16 14 16 13
1
47 9 47 10
1
48 25 48 26
1
17 20 17 21
1
25 48 24 48
1
42 3 43 3
1
47 27 47 26
1
26 23 25 23
1
18 3 18 4
1
28 32 28 33
1
16 13 16 12
1
35 5 36 5
1
45 48 44 48
1
34 19 34 20
1
2 15 2 14
1
37 30 38 30
1
25 23 25 22
1
17 3 16 3
1
1 42 0 42
1
30 17 30 16
1
24 25 23 25
1
21 46 21 47
1
30 15 30 14
1
15 34 14 34
1
10 47 9 47
1
31 6 30 6
1
23 20 23 21
1
25 31 25 30
1
23 30 23 29
1
34 20 34 19
1
2 47 3 47
1
3 46 4 46
1
46 10 46 11
1
17 44 16 44
1
14 24 14 23
1
4 29 4 28
1
3 45 2 45
1
45 12 45 13
1
23 36 23 35
1
43 3 43 4
1
27 4 26 4
1
48 10 48 11
1
8 48 8 47
1
9 23 9 22
1
1 18 1 17
1
9 22 9 23
1
14 38 13 38
1
30 14 30 13
1
1 0 0 0
1
6 46 6 45
1
1 26 1 27
1
3 27 4 27
1
17 2 17 3
1
43 20 43 21
1
19 19 18 19
1
17 0 17 1
1
23 0 22 0
1
9 46 8 46
1
45 27 44 27
1
3 41 2 41
1
46 30 47 30
1
26 19 27 19
1
25 28 25 29
1
30 6 31 6
1
8 47 8 48
1
16 35 16 36
1
4 36 3 36
1
4 26 3 26
1
16 3 15 3
1
20 33 20 34
1
47 26 47 25
1
0 0 0 1
1
5 48 6 48
1
23 47 23 48
1
18 19 17 19
1
45 0 45 1
1
41 17 41 18
1
1 17 2 17
1
23 21 24 21
1
2 2 3 2
1
38 2 39 2
1
3 47 2 47
1
4 28 5 28
1
17 31 16 31
1
12 45 12 46
1
0 11 1 11
1
48 4 48 3
1
46 44 47 44
1
23 3 23 4
1
21 7 22 7
1
5 8 5 9
1
46 29 45 29
1
16 17 17 17
1
8 46 9 46
1
47 41 47 42
1
22 2 23 2
1
14 23 13 23
1
43 1 43 2
1
34 0 35 0
1
37 48 37 47
1
18 18 17 18
1
1 3 1 4
1
34 28 34 29
1
16 12 16 11
1
23 2 23 3
1
4 23 5 23
1
45 22 45 23
1
13 38 13 37
1
6 24 7 24
1
5 10 5 11
1
34 29 35 29
1
4 22 4 21
1
35 16 35 17
1
2 21 3 21
1
25 22 25 23
1
2 41 3 41
1
29 22 29 21
1
46 31 46 30
1
29 34 28 34
1
34 4 35 4
1
27 30 26 30
1
31 0 32 0
1
34 36 34 35
1
1 45 0 45
1
16 19 15 19
1
25 24 25 25
1
26 3 26 2
1
7 1 6 1
1
46 25 45 25
1
14 12 13 12
1
22 0 23 0
1
2 33 2 32
1
38 0 37 0
1
25 23 26 23
1
39 2 38 2
1
38 30 38 29
1
7 30 7 31
1
31 36 31 35
1
47 30 47 29
1
24 18 24 19
1
16 11 16 12
1
7 9 7 8
1
48 40 48 41
1
16 44 15 44
1
19 44 19 45
1
48 20 48 21
1
5 44 5 43
1
38 47 38 48
1
47 10 48 10
1
40 43 40 42
1
9 47 10 47
1
17 32 16 32
1
47 32 46 32
1
28 34 29 34
1
28 18 28 17
1
46 0 45 0
1
4 14 4 15
1
35 37 35 36
1
26 48 27 48
1
0 3 0 4
1
27 8 27 7
1
23 27 22 27
1
2 26 2 25
1
34 30 34 31
1
19 46 18 46
1
45 43 46 43
1
17 17 18 17
1
22 27 22 26
1
25 33 25 32
1
29 1 28 1
1
33 2 32 2
1
48 29 48 30
1
1 32 1 31
1
29 34 28 34
1
1 31 1 30
1
0 24 1 24
1
32 1 31 1
1
6 45 5 45
1
30 3 30 4
1
1 35 1 36
1
5 23 6 23
1
21 2 20 2
1
2 47 3 47
1
39 47 38 47
1
23 0 22 0
1
46 36 45 36
1
1 30 2 30
1
27 33 27 32
1
0 14 1 14
1
44 48 44 47
1
46 7 45 7
1
6 27 6 26
1
32 0 31 0
1
4 46 3 46
1
31 35 32 35
1
27 27 28 27
1
44 17 45 17
1
2 42 3 42
1
40 47 40 46
1
30 44 29 44
1
0 46 1 46
1
15 15 15 16
1
19 36 19 37
1
23 29 24 29
1
30 45 30 44
1
18 46 19 46
1
26 4 25 4
1
15 43 15 42
