19 15 27 14
26 16 10 16
26 35 9 38
26 33 4 10
32 24 19 41
30 14 4 13
20 3 29 37
1 39 39 44
41 42 44 29
46 41 8 16
27 29 36 42
9 10 27 24
46 19 32 8
17 42 39 46
25 46 18 18
21 34 2 37
27 5 29 30
42 16 10 18
31 45 13 29
17 10 4 15
4 22 20 46
30 23 19 5
23 32 32 12
29 19 28 35
15 14 29 34
27 28 44 37
15 25 16 21
44 15 41 7
15 36 10 21
27 37 11 39
2 43 45 28
39 27 24 9
25 6 34 14
36 24 13 20
29 44 27 3
32 35 25 31
20 26 28 15
5 24 22 23
34 28 47 5
13 13 30 20
20 25 29 14
11 47 47 3
13 8 17 21
34 19 11 4
2 18 5 35
2 35 3 19
41 11 38 27
43 5 9 41
13 13 41 24
42 45 41 43
5 4 11 7
23 40 45 34
20 29 36 22
26 34 23 18
26 32 43 42
39 36 22 26
39 32 36 6
10 26 12 25
9 13 42 1
21 28 14 30
1 25 35 11
16 10 14 37
26 43 36 40
34 46 33 37
28 33 5 36
27 10 47 43
8 11 15 44
19 44 28 15
19 36 15 10
7 29 22 39
7 16 44 46
35 8 22 45
33 25 12 42
27 37 11 23
29 37 35 30
30 22 26 38
17 8 3 44
12 25 24 23
6 9 6 39
12 33 13 2
37 10 12 23
33 42 16 22
25 3 26 39
39 15 33 10
26 12 28 44
15 3 36 36
27 36 24 21
43 39 36 16
13 33 8 5
20 23 4 9
25 3 10 31
37 7 44 12
33 20 32 7
28 13 5 23
22 47 9 2
3 24 37 9
43 25 41 41
39 35 9 1
22 41 23 35
22 33 5 18
1 9 11 44
29 39 12 7
2 30 33 45
8 30 14 1
2 42 25 28
6 6 3 25
43 35 24 46
21 7 16 35
23 32 28 7
19 15 21 19
25 32 46 7
35 26 5 27
14 2 11 20
40 24 11 21
9 37 45 6
7 46 16 10
36 41 31 37
31 14 13 9
43 39 21 21
4 43 12 11
45 8 1 44
36 3 24 6
42 33 47 5
27 47 22 20
44 40 42 30
34 11 25 12
13 23 33 23
38 42 13 10
30 25 42 39
42 37 26 46
12 29 17 42
30 38 31 23
6 30 37 9
45 31 40 35
43 16 23 11
30 37 43 38
7 12 34 11
31 20 43 46
17 38 33 24
23 36 19 8
45 4 11 16
15 8 14 33
45 6 7 5
3 22 30 14
7 21 3 38
37 36 11 47
32 41 34 37
45 38 2 29
40 41 47 9
41 5 28 6
41 41 33 5
39 27 23 17
5 36 11 30
14 47 1 7
41 36 31 7
23 47 21 14
34 26 13 47
20 13 21 46
17 45 5 1
20 34 47 37
17 12 39 22
41 15 26 34
29 29 17 30
39 7 4 16
23 22 45 11
2 2 1 7
31 4 9 33
27 11 21 2
35 13 11 14
35 31 45 47
6 47 43 16
44 10 35 40
6 33 6 16
14 40 31 10
44 36 36 27
46 5 43 23
26 17 42 43
31 9 10 27
38 43 6 23
44 9 39 16
4 10 11 6
5 42 19 22
22 23 4 38
7 30 36 14
33 20 37 40
8 38 44 30
18 30 9 37
13 15 33 6
1 12 26 35
20 47 5 35
16 39 2 36
26 36 2 25
37 44 17 38
36 21 8 27
30 19 11 8
31 13 13 46
45 44 32 23
36 23 35 1
29 31 8 40
14 29 15 21
2 12 3 19
10 37 14 43
9 44 19 27
6 5 11 4
37 3 14 19
35 36 12 12
17 39 18 5
27 41 1 4
12 23 45 3
32 35 30 33
4 2 11 44
14 19 16 30
39 21 14 15
33 41 7 35
39 9 40 30
35 2 24 3
17 23 9 43
31 29 6 42
8 41 42 4
13 28 23 23
22 26 26 18
30 22 47 39
5 5 23 38
43 18 36 43
17 38 30 36
23 13 41 26
13 44 40 38
7 19 3 11
37 40 17 9
31 10 36 2
41 43 44 20
16 44 47 14
25 17 38 47
42 29 25 15
16 9 20 18
37 39 15 26
29 3 9 27
47 3 24 29
24 6 19 5
36 6 8 46
13 46 39 39
21 18 11 43
22 20 45 33
11 14 27 16
44 32 17 28
25 15 37 35
9 10 4 20
21 45 21 10
30 24 31 38
6 13 35 45
3 15 41 16
8 39 8 16
9 15 9 45
16 36 39 28
44 47 6 43
39 15 28 28
5 5 46 33
12 22 4 17
20 32 14 5
2 45 32 19
11 41 44 15
31 20 28 13
29 42 7 8
40 14 22 31
18 40 21 47
20 46 43 11
14 27 43 32
23 9 14 3
16 25 34 35
24 13 47 8
46 46 25 3
29 45 5 41
11 38 47 10
24 30 20 22
41 18 28 7
22 6 36 43
42 18 25 36
38 41 15 20
27 5 8 37
4 12 2 4
28 43 18 5
46 34 36 16
42 24 35 44
36 36 34 26
25 16 43 17
6 41 22 11
36 27 31 23
15 4 37 31
18 4 7 21
38 21 36 47
23 2 45 21
17 46 25 28
32 19 40 16
18 45 8 17
5 36 6 1
2 5 42 39
39 31 47 42
25 3 37 42
7 17 40 42
3 24 13 35
1 30 24 3
3 45 3 10
37 28 11 13
36 15 22 44
9 31 5 31
23 30 41 40
36 41 35 1
45 24 41 18
4 42 45 11
37 31 29 44
26 17 1 12
28 22 46 39
44 32 8 8
41 7 13 12
40 14 27 19
25 47 11 40
35 16 6 12
23 3 22 12
6 14 22 20
16 42 32 38
9 18 15 19
30 40 7 2
17 7 46 11
34 11 5 46
44 6 45 3
47 37 4 14
44 42 18 26
19 45 13 34
43 44 12 9
3 7 11 40
2 36 21 39
2 19 25 19
22 37 27 39
9 17 42 16
43 7 15 25
13 35 6 39
22 6 44 25
29 19 29 35
1 25 17 20
43 24 12 8
34 5 7 30
46 40 47 4
35 44 4 24
22 46 13 22
20 28 27 34
15 11 43 19
41 9 43 31
2 45 43 13
34 24 12 20
14 21 22 46
13 28 18 42
19 5 25 33
30 43 41 3
30 22 21 28
35 31 37 26
30 14 36 36
32 10 25 35
46 47 12 43
4 13 7 27
28 3 10 36
45 8 32 27
40 24 33 46
9 8 23 47
22 24 37 36
42 35 40 2
45 45 11 30
15 28 47 38
36 17 41 32
2 37 29 30
46 43 45 38
35 23 17 20
37 5 43 23
37 38 11 14
44 45 1 43
42 9 18 20
24 3 14 29
37 12 1 39
38 2 40 1
10 34 41 9
5 10 13 12
31 30 38 37
42 9 47 39
43 11 43 47
12 27 3 5
3 45 46 1
7 41 35 3
33 26 26 8
17 43 1 24
42 23 10 37
20 29 7 27
6 45 11 44
39 34 22 15
33 44 16 24
25 45 36 15
36 33 6 32
15 11 38 36
19 25 2 13
47 42 33 30
35 11 2 25
14 2 41 35
26 33 43 10
46 14 37 14
9 46 16 9
18 42 23 34
8 40 39 19
28 22 4 24
35 29 36 31
17 24 20 32
35 40 40 36
24 1 46 34
1 10 35 2
24 37 34 27
13 19 35 45
25 24 26 4
15 46 32 9
13 12 46 42
46 13 12 13
37 6 23 33
24 5 28 36
21 22 31 19
7 35 46 2
36 22 13 9
32 19 44 5
14 45 34 28
46 3 15 21
46 14 2 23
38 30 41 33
34 42 42 19
19 37 27 18
17 27 21 35
21 38 22 44
23 11 8 40
34 27 44 3
8 38 46 9
22 45 15 3
33 35 36 29
23 29 42 36
28 44 13 4
26 40 33 10
24 45 4 42
43 5 30 41
16 12 44 1
12 27 7 33
7 44 14 2
15 27 10 38
4 30 44 35
2 25 36 39
47 43 22 2
2 45 25 34
3 23 35 3
29 4 30 42
42 18 40 35
20 41 42 3
26 26 2 23
39 42 33 35
9 10 16 23
44 19 11 1
39 29 8 27
35 28 6 9
38 6 15 21
44 26 37 32
40 6 36 18
18 39 22 44
35 21 15 28
45 36 4 39
4 46 46 33
3 47 33 37
7 31 4 35
37 12 31 20
13 19 42 11
13 10 13 25
30 46 11 18
1 11 41 29
26 12 37 23
13 1 15 24
4 41 46 3
45 34 31 35
21 37 12 18
6 40 29 15
28 39 43 39
10 24 14 35
37 4 39 2
30 31 5 12
39 28 10 36
20 46 31 7
17 42 23 18
7 19 22 10
37 37 21 43
34 19 3 4
10 45 6 14
36 28 44 14
5 7 15 13
22 24 8 30
22 28 3 27
19 40 41 42
16 44 1 12
39 39 20 21
9 5 5 4
29 25 6 17
30 40 32 4
14 37 29 26
15 46 35 11
28 25 4 1
30 15 15 26
3 34 38 47
34 40 11 39
47 12 11 21
6 46 22 13
29 19 27 17
6 10 19 22
5 36 42 40
27 47 47 43
25 3 46 35
9 34 29 46
6 7 13 46
5 46 45 43
34 40 14 23
42 43 5 24
46 11 13 11
7 37 10 14
30 36 26 19
15 12 31 37
9 43 36 32
24 16 11 1
40 33 45 45
17 44 38 40
40 36 46 14
40 20 15 30
13 10 37 35
13 8 25 34
9 14 40 17
7 8 30 44
3 39 19 24
35 30 37 19
12 4 42 39
19 47 14 1
28 15 4 24
43 10 29 9
7 8 42 7
10 21 20 42
26 12 30 36
10 32 37 12
31 10 12 47
30 38 2 34
17 26 23 15
34 23 36 15
6 27 5 18
4 36 28 38
1 39 31 35
7 38 27 29
7 20 38 11
22 36 29 36
41 30 31 40
3 40 28 39
20 5 19 5
44 8 23 45
6 2 28 36
17 7 16 23
3 47 35 28
39 4 28 37
17 20 23 35
28 44 37 15
17 7 6 9
45 26 17 22
8 13 11 47
29 8 39 14
26 44 16 42
6 38 32 3
38 44 39 9
40 4 6 45
39 17 28 31
28 40 26 17
16 39 43 5
31 40 45 43
9 13 5 15
24 27 41 5
1 14 6 18
19 11 46 12
9 19 25 29
35 21 14 26
35 5 33 7
29 13 43 1
46 7 13 1
11 11 14 44
23 20 8 19
25 35 27 22
20 22 10 18
35 11 17 12
44 19 32 12
25 41 41 36
29 37 1 11
41 22 24 32
11 23 9 42
23 21 28 46
19 30 12 3
18 3 43 27
36 6 43 43
37 38 19 22
26 2 24 21
22 7 44 37
33 14 43 33
31 22 16 6
29 13 6 2
26 18 38 14
14 46 40 26
44 27 34 8
46 11 36 10
46 4 43 39
14 6 4 5
7 1 12 45
36 28 29 24
47 19 12 46
42 11 40 18
8 28 11 23
33 5 27 35
27 6 37 43
44 28 41 32
45 39 20 29
10 24 3 46
8 27 27 40
42 46 17 30
22 11 36 31
6 2 25 2
22 25 39 45
42 31 12 22
19 15 37 34
14 27 10 10
28 16 5 37
43 45 39 27
9 2 21 24
21 15 10 10
2 14 31 37
6 6 32 39
16 6 4 31
23 44 30 29
42 24 22 44
36 22 16 10
21 15 4 7
7 29 40 30
7 43 17 8
2 45 3 37
2 13 2 4
17 36 27 21
7 46 42 1
35 15 32 27
46 14 7 37
15 38 18 23
35 41 39 28
45 22 11 14
30 9 8 28
9 29 18 25
11 31 17 19
25 44 15 46
6 19 42 9
4 6 18 18
39 16 5 31
28 3 43 33
40 31 45 31
38 5 24 13
14 17 41 26
27 25 47 35
42 12 30 5
14 8 17 40
43 12 20 5
26 39 40 36
46 32 43 13
3 37 12 37
6 15 16 21
1 14 14 45
12 33 26 39
27 18 23 43
13 40 2 4
44 46 37 9
16 19 3 3
30 8 10 37
9 41 18 23
38 11 39 40
29 12 39 24
2 9 45 15
26 21 36 21
16 38 44 6
18 4 30 37
40 45 40 36
12 28 30 39
4 38 22 42
25 31 44 33
11 4 24 12
26 26 40 30
19 31 45 25
12 46 20 14
38 4 1 19
24 38 24 22
23 43 11 3
27 4 33 42
47 13 12 42
36 29 24 19
24 40 21 46
33 38 45 34
29 8 33 22
7 7 35 30
2 36 44 19
32 42 1 6
43 25 3 15
19 24 46 45
23 21 10 23
1 23 4 18
10 26 42 23
10 11 35 42
20 8 14 11
25 34 26 7
9 2 16 11
26 40 26 13
32 46 30 7
8 30 47 41
10 44 47 42
24 44 35 46
9 2 21 47
5 45 9 30
4 43 2 20
46 5 25 40
46 45 40 36
23 14 4 9
47 44 8 7
25 17 26 22
9 42 10 35
45 22 6 7
42 43 46 32
42 5 11 15
22 25 12 21
3 27 15 35
19 45 42 22
4 11 18 37
20 20 12 39
5 13 26 31
42 25 23 8
17 29 47 9
11 6 21 25
42 15 24 6
10 43 21 16
13 29 13 3
37 21 12 5
42 31 20 28
29 46 43 34
6 46 6 6
42 18 29 45
10 23 40 44
45 2 30 42
35 16 37 17
45 41 10 22
4 44 39 29
20 33 10 14
39 23 47 6
39 33 5 30
27 26 12 15
40 35 3 24
6 44 4 11
17 7 27 4
39 12 2 35
1 38 38 1
25 22 37 29
7 22 43 41
8 32 18 24
9 28 46 11
7 2 14 10
39 25 17 4
25 35 41 43
21 29 9 43
34 26 11 26
26 39 36 20
22 9 39 3
8 10 11 34
29 47 13 22
45 28 14 9
13 24 31 38
32 28 14 23
33 25 36 21
43 20 19 31
17 46 15 20
18 3 39 18
12 8 36 29
33 25 30 45
32 5 20 34
10 10 45 44
30 41 12 31
29 20 23 38
22 30 19 30
25 24 31 22
24 12 35 5
40 7 37 2
38 16 37 25
36 44 24 12
40 43 46 41
39 41 27 44
40 29 23 17
7 36 9 4
28 14 36 20
35 44 35 13
28 21 11 33
10 19 16 19
35 38 12 35
14 34 36 7
41 22 29 37
27 41 26 28
9 45 9 11
13 33 39 40
5 36 13 28
5 32 9 22
5 18 32 13
8 13 23 4
18 29 12 26
37 36 19 15
34 19 35 39
11 22 26 42
14 17 21 41
21 9 19 37
35 20 10 39
10 38 11 45
23 32 42 41
7 1 11 33
31 20 30 22
8 28 5 12
36 38 33 7
24 25 1 46
41 43 24 39
4 3 7 38
24 41 47 37
3 28 10 15
20 24 15 26
39 22 20 39
11 44 33 10
26 35 20 42
15 3 22 21
12 6 27 29
13 16 6 44
35 20 14 8
26 35 6 29
2 5 18 36
16 39 13 32
5 15 24 17
15 26 26 25
40 28 16 14
45 46 15 29
35 18 16 38
46 14 34 41
9 8 13 41
38 5 15 11
44 27 39 43
36 7 29 47
20 45 43 34
23 12 43 43
12 23 41 18
19 45 41 12
25 46 37 5
40 39 25 29
20 30 10 17
10 22 22 41
44 43 2 35
38 32 26 43
3 41 19 9
2 14 19 37
12 39 31 36
32 20 34 12
42 17 22 17
8 3 28 13
31 25 18 39
6 3 10 3
33 26 9 15
24 9 27 16
32 41 11 25
12 3 25 45
27 36 38 2
7 7 31 46
36 14 38 24
16 38 1 44
15 4 18 3
3 3 14 16
44 25 8 41
7 20 22 46
23 9 13 35
24 6 25 15
25 16 13 23
21 22 12 12
43 30 26 37
9 9 20 21
20 18 40 18
32 40 38 1
35 11 28 16
43 2 30 45
5 23 3 13
12 44 30 3
42 8 3 39
9 17 41 2
3 10 25 2
6 42 34 7
45 38 43 20
2 3 45 17
21 34 24 30
44 43 13 7
32 10 7 20
24 11 27 25
20 23 17 21
35 39 7 11
14 46 12 39
23 32 15 35
30 36 3 30
43 46 5 38
45 26 28 31
7 19 31 40
5 15 10 35
9 16 43 34
26 26 25 22
26 24 8 2
30 4 6 3
14 7 24 18
41 42 39 17
25 9 22 18
36 38 27 18
13 16 28 10
46 47 18 3
42 20 28 34
45 45 41 34
32 27 5 27
9 43 39 44
16 13 39 7
46 6 17 14
39 25 42 43
3 24 22 19
5 24 12 37
3 8 26 36
45 28 5 5
27 41 43 22
4 11 39 34
36 1 5 44
5 37 4 16
22 42 9 37
13 31 16 39
5 31 36 42
37 10 44 9
3 5 40 13
32 21 19 46
35 27 30 45
29 32 11 34
13 20 37 8
43 25 3 8
35 12 25 15
20 18 41 22
25 17 40 7
45 43 47 30
5 32 4 28
14 27 9 28
43 13 26 12
44 6 20 24
11 37 5 46
40 36 5 3
25 23 4 32
29 24 40 2
15 24 14 15
31 42 9 41
20 4 37 26
6 29 14 8
44 27 35 17
24 32 28 4
26 23 28 17
31 37 29 40
37 15 39 4
39 30 23 21
19 29 17 39
24 15 26 14
8 40 2 14
24 7 23 34
44 15 22 21
4 43 27 20
21 34 42 28
4 25 43 36
40 39 1 3
33 21 28 28
41 33 39 10
7 38 41 9
43 30 29 39
19 46 11 18
32 45 32 40
30 11 38 21
17 46 15 19
27 22 19 7
33 20 4 9
24 31 35 37
40 4 39 40
36 42 4 15
4 43 47 3
36 34 15 26
37 3 2 36
37 26 22 14
40 22 20 8
43 28 3 39
1 19 14 42
19 17 37 16
40 27 34 27
5 12 8 8
40 47 41 2
42 4 30 32
